00110000 00010010 00001111 11111110 00000000 00000001 00000010 00000000 00000000 00000010 00000101 00000101 00000011 00000010 00000010 00000011 00000001 00000001 00000010 00000010 00000011 00000010 00000001 00000010 00000001 00000001
00110101 00010000 00001010 11111100 11111111 00000011 00000010 00000010 00000001 00000010 00000010 00000101 00000011 00000011 00000100 00000100 00000001 00000001 00000100 00000100 00000010 00000010 00000001 00000000 00000000 00000000
00110000 00001110 00001100 11111101 11111110 00000010 00000010 00000100 00000100 00000010 00000010 00000101 00000011 00000011 00000011 00000011 00000000 00000010 00000011 00000000 00000000 00000000 11111111 00000001 00000010 00000000
00110010 00001101 00001101 11111110 00000010 00000101 00000011 00000011 00000011 00000001 00000001 00000010 00000010 00000001 00000101 00000010 00000000 00000000 00000000 00000001 00000010 11111111 11111110 00000001 00000000 00000000
00110010 00001011 00001011 11111110 00000010 00000110 00000111 00000010 00000001 00000000 00000010 00000011 00000011 00000001 00000011 00000110 00000010 00000000 00000010 00000011 00000010 00000000 11111111 00000000 00000000 00000001
00110101 00001000 00001110 11111110 11111111 00000100 00000100 00000010 11111111 11111111 00000001 00000000 00000101 00000010 00000010 00000001 11111101 11111110 00000001 00000011 00000100 00000010 11111111 00000010 00000000 00000001
00110000 00001011 00001111 00000010 00000000 00000100 00000100 00000001 11111110 00000000 00000011 00000011 00000010 00000010 00000010 00000100 00000001 00000000 00000001 00000011 00000000 00000001 00000001 00000001 00000000 11111111
00101000 00001010 00010000 00000000 00000001 00000101 00000101 00000000 11111110 11111110 00000001 00000001 00000010 00000011 00000010 00000011 00000000 00000011 00000011 00000010 00000000 11111111 00000001 00000001 00000000 11111111
00101110 00001100 00001101 00000000 00000011 00000011 00000101 00000001 11111111 11111110 11111111 00000001 00000010 00000010 00000001 00000000 00000000 00000000 00000010 00000001 00000010 00000001 00000000 11111111 11111111 00000001
00101110 00001101 00001101 11111101 11111111 11111111 00000011 00000001 11111101 00000000 00000011 00000100 00000011 00000010 00000100 00000010 00000011 00000010 00000001 00000010 00000001 00000000 11111110 00000000 00000001 00000001
00101101 00001100 00010001 11111101 00000000 00000001 00000010 00000001 11111111 00000010 00000011 00000011 00000010 00000010 00000001 00000001 00000000 00000010 00000001 00000010 00000001 00000000 11111111 00000000 11111111 00000001
00101010 00001010 00010000 11111111 00000010 00000011 00000010 00000001 00000011 00000011 00000000 00000010 00000001 00000000 00000010 00000001 11111111 00000010 00000001 00000011 00000010 00000000 11111111 11111111 11111111 00000000
00101000 00001001 00010000 11111111 00000010 00000010 00000001 00000011 00000000 00000000 00000000 00000000 11111111 11111111 00000010 00000010 00000010 00000011 00000011 00000010 00000100 00000001 11111110 11111110 00000000 00000000
00101110 00001011 00010000 11111110 00000010 00000101 00000110 00000011 00000000 00000010 00000001 00000010 00000001 00000000 00000010 00000010 00000001 00000011 00000011 00000001 00000010 00000000 00000000 00000000 00000000 00000001
00101100 00001001 00010011 00000000 11111111 00000101 00000111 00000100 00000000 00000000 00000010 00000100 00000011 00000000 00000000 00000000 00000000 00000000 00000001 00000010 00000001 00000000 00000000 00000001 00000000 00000000
00100111 00000111 00010000 00000001 00000010 00000101 00000101 00000011 00000000 11111111 00000010 00000011 00000000 00000001 00000010 00000011 00000000 11111111 00000000 00000001 00000000 00000010 00000001 00000000 00000000 00000000
00101001 00001001 00010000 00000011 00000101 00000101 00000010 00000000 11111111 00000100 00000101 00001000 00000011 00000011 00000011 00000010 00000011 00000001 00000001 00000100 00000001 00000001 00000000 11111111 11111111 00000000
00101011 00001110 00010010 00000010 00000010 00000100 00000000 00000000 00000010 00000101 00000011 00000100 00000011 00000101 00000100 00000100 00000010 00000001 00000001 00000010 00000000 00000010 00000000 00000000 11111111 00000000
00101100 00001101 00001111 00000000 00000011 00000110 00000101 00000010 00000000 00000001 00000001 11111111 00000001 00000101 00000100 00000000 00000000 00000010 00000010 00000001 00000001 00000001 00000001 00000000 00000010 00000000
00100111 00001011 00001111 00000011 00000011 00000110 00000111 00000100 00000001 00000011 11111110 00000000 00000010 00000011 00000100 00000010 00000000 00000000 11111111 00000000 00000001 00000000 00000000 00000001 00000000 00000000
00100101 00001011 00001101 00000010 00000101 00001001 00000111 00000100 00000001 00000001 00000010 00000011 00000011 00000100 00000110 00000101 00000011 00000010 00000011 00000010 00000001 00000001 00000001 00000000 00000001 00000001
00101001 00001010 00001111 00000010 00000001 00000011 00000101 00000100 00000000 11111111 00000011 00000110 00000110 00000110 00000011 00000100 00000100 00000101 00000100 00000011 00000000 00000001 11111111 00000001 00000001 00000001
00101001 00001010 00001110 00000001 00000100 00000011 00000001 00000001 00000000 11111111 00000001 00000010 00000001 00000100 00000100 00000010 00000011 00000001 00000010 00000001 00000010 00000000 11111111 00000010 11111111 00000001
00101011 00001010 00001110 00000010 00000010 00000011 00000001 00000011 00000001 00000010 00000101 00000100 00000010 00000101 00000100 00000011 00000010 11111111 00000001 00000000 11111111 00000000 11111111 00000001 00000000 11111111
00100110 00000110 00001110 00000001 00000000 00000100 00000011 00000001 00000000 00000001 00000010 00000100 00000100 00000011 00000011 00000001 11111110 00000000 00000001 11111111 00000010 11111111 00000000 00000001 00000001 00000001
00100101 00000111 00010000 00000011 00000001 00000011 00000010 00000010 00000001 00000010 00000101 00000011 00000100 00000100 00000010 00000000 00000001 00000011 00000001 11111110 00000001 00000001 00000001 00000000 00000000 00000001
00100110 00001001 00010000 00000100 00000010 00000010 00000011 00000101 00000001 00000010 00000011 00000010 00000011 00000010 00000010 00000010 00000010 00000001 00000000 00000001 00000000 00000001 00000001 00000000 00000000 00000001
00100101 00001000 00010001 00000110 00000011 00000010 00000001 00000101 00000010 00000010 00000011 00000011 00000010 00000010 00000011 00000010 00000001 00000001 00000000 00000010 00000000 00000010 00000001 00000000 00000001 00000010
00101000 00000111 00010010 00000011 00000010 00000001 00000011 00000100 00000010 11111111 00000001 00000010 00000010 00000010 00000010 00000011 00000011 00000100 00000011 00000011 00000010 00000001 00000000 00000000 00000010 00000010
00101000 00001001 00001111 00000001 00000000 00000010 00000100 00000011 00000001 00000000 00000000 00000011 00000100 00000010 00000011 00000010 00000011 00000011 00000010 00000001 00000011 00000011 00000000 00000001 00000000 00000000
00100110 00000110 00001111 00000011 00000001 00000101 00000011 00000010 11111101 00000001 00000010 00000011 00000011 00000100 00000100 00000010 00000010 00000001 00000010 00000010 00000001 00000000 00000000 00000000 00000001 00000000
00100111 00001000 00010001 00000011 00000011 00000011 00000000 00000011 00000010 00000010 00000010 00000101 00000100 00000100 00000011 00000100 00000011 00000001 00000000 00000000 11111111 00000001 00000001 00000001 00000001 00000000
00100111 00001000 00010001 00000010 00000011 00000010 00000010 00000110 00000011 00000010 00000000 00000010 00000001 00000000 11111111 00000000 00000000 00000001 00000000 00000010 00000001 00000010 00000001 00000000 00000001 00000001
00100101 00000111 00001111 00000010 00000000 00000000 11111110 11111111 11111101 00000000 00000001 00000000 00000110 00000101 00000001 00000001 00000010 00000010 00000001 00000001 00000001 00000000 00000000 00000010 00000001 00000000
00100100 00001000 00010000 00000100 00000001 00000000 00000010 00000000 00000000 00000000 00000000 00000011 00000010 00000010 00000010 00000000 00000000 00000000 00000001 00000011 00000001 00000001 00000001 00000000 00000000 00000000
00100100 00000100 00001100 00000100 00000100 00000010 00000001 00000010 00000000 00000010 00000000 00000001 00000001 00000001 00000000 00000000 00000001 00000001 00000000 00000010 00000000 00000000 00000000 11111111 00000000 00000001
00100010 00000100 00010011 00000100 00000011 00000011 00000001 00000000 00000000 00000000 00000001 00000001 00000100 00000100 00000100 00000011 00000010 00000010 00000001 00000001 00000000 00000001 00000010 00000001 00000000 00000000
00100010 00000101 00001110 00000011 00000110 00000110 00000011 00000011 00000000 00000000 00000001 00000000 00000010 00000100 00000010 00000011 00000001 00000010 00000001 00000001 00000000 00000000 00000010 00000010 00000000 00000010
00100100 00000111 00001110 00000010 00000011 00000010 00000010 00000101 00000001 00000001 00000001 00000001 00000100 00000010 00000000 00000001 00000001 00000011 00000010 00000001 00000001 00000000 00000000 00000001 00000000 00000001
00100101 00000100 00010001 00000111 00000011 11111111 11111101 00000010 00000011 00000100 00000010 00000100 00000101 00000101 00000101 00000011 00000010 00000011 00000001 00000010 00000000 00000010 11111111 00000010 00000000 00000000
00101000 00001000 00010011 00000111 00000000 00000001 00000000 00000010 00000000 00000010 00000010 00000100 00000100 00000101 00000011 00000011 00000000 00000010 00000000 00000001 00000001 00000010 00000000 00000010 00000000 00000000
00100101 00000110 00010001 00000111 00000101 00000010 00000000 00000001 00000000 11111111 00000010 00000011 00000011 00000110 00000110 00000011 00000001 00000001 00000000 00000010 00000001 00000001 00000000 00000000 00000001 00000000
00100101 00000110 00010001 00000100 00000100 00000010 00000010 00000011 00000000 11111101 00000000 00000000 00000010 00000100 00000100 00000011 00000000 11111111 00000000 00000001 11111111 00000000 00000001 00000010 00000001 00000001
00100011 00001000 00010101 00000111 00000011 00000000 11111110 00000000 11111111 11111111 00000000 00000000 00000000 11111111 00000000 00000001 00000000 00000001 00000001 00000001 00000000 00000000 00000001 00000001 00000000 00000001
00100100 00000111 00010010 00000101 00000011 00000010 00000000 00000001 00000010 00000001 11111111 00000001 00000000 00000010 00000001 00000000 00000000 00000001 11111111 00000000 00000000 00000001 11111111 11111111 11111111 00000000
00100100 00000110 00010010 00000111 00000001 00000011 00000010 00000001 00000001 00000100 00000101 00000100 00000010 00000010 00000010 00000010 11111111 11111111 00000000 00000000 00000001 00000001 11111111 11111111 00000000 00000001
00100101 00000111 00010100 00000110 00000001 11111111 00000000 00000010 00000001 00000001 00000001 00000010 00000011 00000100 00000001 00000001 00000000 00000010 00000010 00000001 00000011 00000000 11111111 11111111 11111111 11111111
00100101 00000100 00010011 00000110 00000110 00000001 00000000 00000010 00000000 00000010 00000010 00000001 00000001 00000110 00000001 00000010 00000000 00000001 00000011 00000010 00000001 11111111 11111111 11111111 00000001 00000000
00100010 00000111 00001111 00000101 00000011 00000011 00000001 00000011 00000000 00000000 00000000 00000000 11111111 00000001 00000001 11111111 00000000 00000010 00000010 11111111 11111111 11111111 00000000 00000010 00000001 00000001
00100011 00001001 00010010 00000110 00000101 00000011 00000100 00000010 00000001 00000010 00000000 00000010 00000010 00000011 00000010 11111110 11111111 00000001 00000001 00000001 00000000 00000010 00000010 00000001 00000000 11111111
00100100 00001001 00010101 00000110 00000010 00000011 00000011 00000100 00000011 00000011 00000010 00000011 00000010 00000010 00000100 00000010 00000000 00000001 00000010 00000010 00000000 00000001 00000010 00000010 00000001 00000000
00100100 00001001 00010010 00000100 00000010 00000010 00000011 00000010 00000011 00000010 00000010 00000101 00000110 00000101 00000011 00000011 00000011 00000010 00000001 00000000 00000010 00000001 00000000 00000000 00000000 00000001
00100101 00001001 00010011 00001000 00000010 11111111 00000010 00000001 00000001 00000011 00000100 00000101 00000100 00000011 00000011 00000011 00000100 00000010 00000001 00000010 00000010 00000001 11111111 11111111 00000001 00000000
00100100 00000101 00010000 00001000 00000100 00000110 00000010 00000010 11111110 00000010 00000011 00000011 00000011 00000011 00000011 00000010 00000011 00000010 00000001 00000100 00000010 00000010 00000010 00000011 00000001 11111111
00100100 00000101 00010011 00000110 00000100 11111110 00000000 00000010 00000001 00000011 00000011 00000010 00000000 00000011 00000100 00000100 00000010 00000010 00000010 00000011 00000010 00000001 11111111 00000000 11111111 00000000
00100101 00000110 00010000 00000101 00000010 00000000 11111101 11111110 00000000 00000011 00000001 00000011 00000010 00000100 00000100 00000010 00000000 00000001 00000010 00000001 00000000 11111111 11111111 00000000 00000000 00000000
00100101 00000110 00001111 00000100 00000101 00000001 11111111 00000000 00000011 00000011 00000001 00000101 00000011 00000100 00000011 00000011 00000100 00000011 00000011 00000001 00000001 00000010 00000010 00000000 00000000 00000000
00100100 00000100 00010001 00000100 00000010 00000001 00000001 00000001 00000010 00000011 00000011 00000010 00000100 00000011 00000010 00000011 00000011 00000011 00000100 00000011 00000011 00000001 00000000 00000001 00000001 00000001
00100101 00000011 00010000 00000110 00000100 00000001 00000000 00000010 00000001 00000011 00000100 00000101 00000010 00000000 00000001 00000001 00000010 00000010 00000010 00000010 00000011 00000011 00000001 00000011 00000001 00000000
00100111 00000101 00001110 00000111 00000100 00000101 00000001 00000010 00000000 11111111 00000010 00000011 00000010 00000010 00000000 00000001 00000001 00000000 00000011 00000011 00000001 00000001 00000001 00000000 00000001 00000011
00100111 00000111 00010011 00001001 00000110 00000010 11111111 00000001 00000001 00000000 00000001 00000011 00000011 11111111 00000000 00000010 00000011 00000010 00000011 00000011 00000001 00000000 00000000 00000000 11111111 00000000
00100110 00001000 00010011 00000101 00000100 00000100 00000001 00000000 11111111 00000001 00000100 00000101 00000100 00000100 00000011 00000001 00000010 00000010 00000011 00000011 00000010 00000010 00000000 00000000 11111111 11111111
00101000 00000110 00010010 00000101 00000100 00000100 00000001 11111110 00000010 00000010 00000010 00000101 00000100 00000010 00000010 00000011 00000010 00000011 00000000 00000001 11111111 00000000 00000001 11111111 11111111 11111111
00100100 00000101 00010011 00000100 00000010 00000001 00000000 11111110 11111110 00000010 00000010 00000100 00000011 00000000 00000001 00000010 00000010 00000011 00000011 00000001 11111111 00000000 00000000 00000001 11111111 00000000
00100100 00000111 00001110 00000011 00000011 00000010 00000001 00000001 00000000 00000000 00000001 00000011 00000011 00000011 00000011 00000011 11111111 00000000 00000001 00000010 00000001 00000000 11111111 00000000 11111110 11111111
00100110 00000101 00001110 00000000 00000001 00000000 00000000 00000011 00000010 00000011 00000011 00000100 00000100 00000011 00000100 00000010 00000001 00000011 00000001 00000000 00000001 00000000 00000000 00000000 11111110 00000000
00100010 00000011 00010001 00000110 00000011 00000010 00000000 00000001 00000010 00000100 00000011 00000101 00000100 00000010 00000010 00000010 00000010 00000100 00000011 00000001 00000010 00000011 00000010 00000001 00000000 11111111
00100101 00001001 00010011 00001001 00000100 00000011 00000001 00000011 00000001 00000100 00000010 00000011 00000011 00000010 00000001 00000011 00000100 00000011 00000010 00000001 00000010 00000000 11111111 00000001 00000000 11111110
00100011 00000111 00010001 00000111 00000101 00000100 00000011 00000001 00000001 00000100 00000010 00000010 00000100 00000000 00000010 00000011 00000010 00000010 00000010 00000011 00000001 11111111 00000000 00000001 00000000 00000001
00100010 00000111 00010011 00000110 00000100 00000001 00000000 00000001 00000001 00000011 00000001 00000000 00000010 00000001 00000011 00000010 00000001 00000001 00000001 00000010 00000001 00000001 11111111 00000000 00000001 00000001
00100101 00001000 00010010 00000110 00000100 00000001 11111111 00000001 00000001 00000001 00000001 00000010 00000100 00000110 00000011 00000010 00000010 00000010 00000010 00000000 00000000 00000000 00000001 00000010 11111111 00000000
00100001 00000011 00010001 00001001 00000100 00000000 00000000 00000000 00000000 00000010 00000010 00000101 00000101 00000100 00000011 00000010 00000100 00000010 00000001 00000000 00000000 00000001 00000001 00000010 00000010 00000000
00100001 00000100 00010011 00001001 00000100 11111110 11111111 00000000 11111111 00000010 00000010 00000001 00000010 00000011 00000010 00000011 00000011 00000100 00000001 00000001 00000001 00000010 00000010 00000001 00000000 00000000
00100101 00000101 00010011 00000110 00000100 11111110 11111011 00000000 11111111 00000011 00000010 00000000 00000000 00000010 00000010 00000001 00000001 00000000 11111111 11111110 00000001 00000010 00000000 00000000 00000000 00000001
00100011 00000101 00010101 00000111 00000100 00000010 00000000 00000011 00000000 00000000 00000000 00000000 00000001 00000010 00000001 00000001 00000000 11111111 11111110 11111111 00000000 00000001 11111111 00000000 00000000 00000001
00100100 00000110 00010011 00000110 00000011 00000000 11111111 11111110 00000010 00000010 00000001 00000100 00000010 00000010 00000001 00000010 00000001 11111111 11111111 00000000 00000000 00000010 00000000 00000001 00000001 00000001
00100101 00001010 00010010 00000110 00000110 00000000 11111101 11111111 00000001 00000010 00000011 00000101 00000011 00000011 00000010 00000011 00000011 00000001 00000011 00000001 00000010 00000011 00000001 00000001 00000001 00000000
00100010 00001000 00010011 00000110 00000101 11111111 11111110 11111111 00000011 00000100 00000011 00000100 00000100 00000101 00000011 00000011 00000100 00000100 00000100 00000000 00000000 00000000 00000010 00000010 00000001 00000010
00100110 00000101 00010001 00000101 00000010 00000010 00000010 00000011 00000010 00000100 00000011 00000011 00000001 00000011 00000001 00000001 00000001 00000010 00000000 00000001 00000000 00000000 11111110 00000000 11111111 00000000
00100101 00000111 00010010 00000110 00000010 00000010 00000001 00000010 00000101 00000011 00000011 00000100 00000100 00000100 00000010 00000010 00000010 00000011 00000001 00000001 00000011 00000001 00000000 00000010 00000000 00000001
00100100 00000111 00010011 00000101 00000011 00000010 00000010 00000101 00000100 00000101 00000011 00000001 00000010 00000100 00000000 00000010 00000010 00000010 00000010 00000010 00000010 00000010 00000010 00000001 00000010 00000001
00100101 00001000 00010100 00000111 00000010 00000001 00000000 00000001 00000011 00000100 00000010 00000010 00000001 00000010 00000010 00000001 00000001 00000001 00000000 00000010 00000010 00000000 00000000 00000001 00000000 00000000
00100101 00001000 00010100 00000111 00000101 00000000 00000001 00000001 00000101 00000100 00000001 00000000 00000000 00000001 00000001 00000010 00000011 00000011 00000001 00000010 00000010 00000000 00000001 00000001 00000001 00000000
00100011 00001011 00010010 00000101 00000001 00000000 00000001 00000010 00000100 00000001 00000011 00000011 00000100 00000011 00000100 00000011 00000000 00000001 00000001 00000101 00000011 11111111 11111111 11111111 11111111 00000000
00101001 00001010 00010000 00000100 00000011 00000010 00000011 00000100 11111110 00000000 00000110 00000101 00000010 00000011 00000010 00000100 00000100 00000011 00000100 00000011 00000010 11111111 00000000 00000001 11111111 11111111
00100111 00001000 00010000 00001001 00000101 00000110 00000101 00000011 00000000 00000001 00000010 00000011 00000011 00000001 11111111 00000001 00000010 00000010 00000000 00000001 00000010 00000000 00000010 00000001 00000000 00000000
00101011 00001000 00001101 00000011 00000011 00000111 00000110 00000011 11111111 00000000 00000101 00000101 00000010 00000100 00000010 00000011 00000011 00000010 00000000 00000010 00000010 00000010 00000011 00000001 11111111 00000000
00101011 00001010 00001111 00000100 00000100 00000100 00000100 00000010 00000000 00000011 00000101 00001000 00000110 00000011 00000000 00000011 00000011 00000011 00000000 00000011 00000011 00000011 00000010 00000010 00000000 00000000
00100110 00001000 00010010 00001000 00000101 00000011 00000101 00000100 00000011 00000011 00000001 00000100 00000011 00000010 00000001 00000011 00000011 00000011 00000011 00000100 00000010 00000001 00000010 00000001 00000000 00000001
00100110 00000111 00010011 00000110 00000010 00000001 00000001 00000000 00000010 00000100 00000100 00000011 00000011 00000100 00000011 00000001 00000010 00000011 00000010 00000010 00000000 00000000 00000000 00000001 00000000 00000000
00101011 11111111 00010001 00000101 00000100 00000010 00000100 00000100 00000010 00000110 00000000 00000101 00000010 00000110 00000010 00000011 00000001 00000010 00000001 00000001 00000000 00000010 00000001 00000010 00000001 00000000
00101101 00000111 00010101 00000101 00000101 00000010 00000001 00000000 00000000 00000100 00000010 00000111 00000100 00000100 11111111 00000010 00000001 00000000 00000001 00000010 00000001 00000010 00000000 00000001 11111111 11111111
00101111 00001001 00010001 00000101 00000100 00000110 00000100 00000010 11111111 00000000 00000010 00000101 00000010 00000011 00000000 00000001 00000010 00000001 00000000 00000000 00000000 00000010 00000000 11111110 11111111 11111110
00101010 00000100 00001110 00000101 00000001 00000010 00000010 00000100 00000100 00000011 00000100 00000111 00000011 00000101 00000001 00000001 00000010 00000000 00000000 00000000 11111111 11111111 11111110 11111111 11111111 11111111
00100111 00001101 00010011 00000111 00000100 00000001 00000001 00000000 00000000 00000010 00000100 00000110 00000100 00000100 00000010 00000010 00000010 00000001 00000010 00000000 11111111 11111111 00000000 00000000 11111110 00000001
00100111 00001011 00010100 00000101 00000101 00000100 00000010 00000001 11111111 00000100 00000101 00000101 00000010 00000101 00000010 00000000 00000011 00000011 00000010 00000001 00000000 11111111 11111111 11111110 11111110 11111111
00101000 00001010 00010011 00000110 00000100 00000100 00000000 00000011 00000000 00000010 00000100 00000101 00000011 00000100 00000011 00000011 00000100 00000100 00000011 00000001 00000000 00000001 00000001 00000000 00000000 11111111
00101000 00000111 00010001 00000101 00000010 00000001 00000001 00000011 00000011 00000100 00000010 00000100 00000011 00000010 00000011 00000001 00000010 00000011 00000010 00000001 00000001 00000010 00000000 00000011 00000001 00000000
00101011 00000110 00010011 00001000 00000000 00000010 00000010 00000011 00000100 00000011 00000001 00000100 00000011 00000011 00000000 00000001 00000010 00000001 00000000 00000001 00000001 00000010 00000001 00000001 11111111 00000010
00100100 00000111 00010000 00000110 00000010 00000011 00000100 00000001 00000000 00000101 00000110 00000100 00000101 00000100 00000010 00000101 00000010 00000000 00000010 00000010 00000001 11111111 11111111 00000010 00000000 00000001
00100001 00001000 00001111 00000100 00000001 00000011 00000000 00000000 00000001 00000011 00000010 00000001 00000010 00000011 00000010 00000011 00000011 00000010 00000010 00000001 00000000 11111111 00000000 11111111 11111110 11111111
00100100 00001010 00010010 00000110 00000000 00000001 11111110 11111111 11111111 00000001 00000010 00000010 00000010 00000010 00000011 00000100 00000001 00000001 00000001 00000001 11111111 11111111 00000000 11111111 11111111 00000001
00101000 00001010 00010000 00000111 00000011 00000010 11111111 00000100 00000001 00000011 00000010 00000011 00000010 00000001 00000001 00000011 00000010 00000001 00000001 00000010 00000000 00000000 00000001 00000000 00000000 00000000
00100011 00001100 00010010 00000100 00000011 00000001 11111110 00000101 11111111 00000001 00000001 00000010 00000011 00000100 00000001 00000010 00000010 00000001 00000001 00000010 00000001 00000001 00000001 00000010 00000000 00000000
00100010 00001001 00010010 00000100 00000100 00000001 11111101 00000010 00000011 00000011 00000001 00000011 00000010 00000010 00000010 00000100 00000010 11111111 11111111 11111111 00000000 00000000 11111111 11111111 11111111 11111111
00100011 00000111 00010100 00000110 00000010 00000010 00000001 00000000 00000000 00000101 00000100 00000101 00000011 00000010 00000001 00000001 00000000 00000001 00000011 00000000 00000000 00000001 00000000 00000000 11111111 00000000
00100011 00001010 00010011 00001000 00000001 00000010 00000011 00000001 00000001 00000100 00000110 00000101 00000010 00000010 00000001 00000011 00000011 00000001 00000001 00000000 00000000 00000000 11111111 00000000 00000001 00000010
00100010 00001000 00010010 00000111 00000000 11111111 00000010 00000101 00000100 00000101 00000111 00000110 00000100 00000100 00000101 00000001 00000000 00000010 00000000 00000001 00000001 00000000 11111111 00000000 11111111 00000001
00100010 00001001 00010101 00000101 11111111 00000001 00000000 00000110 00000100 00000100 00000101 00000101 00000010 00000100 00000100 00000001 11111111 11111111 00000000 00000001 00000000 00000000 00000000 00000000 11111111 00000000
00100011 00001000 00010010 00000111 00000100 11111111 11111010 00000001 00000010 00000100 00000001 00000100 00000010 00000010 00000010 00000010 00000010 00000000 00000010 00000000 00000000 00000011 00000010 00000000 11111111 00000000
00100100 00001000 00010010 00000100 00000001 00000010 00000001 00000001 11111111 00000100 00000011 00000010 00000001 00000011 00000100 00000010 00000010 00000010 00000010 00000001 00000010 00000001 11111111 00000010 00000000 00000000
00100101 00001011 00010101 00000111 00000101 00000011 00000100 00000011 11111101 00000000 00000010 00000011 00000011 00000011 00000100 00000101 00000010 00000001 00000001 00000001 00000001 00000000 00000000 11111111 11111111 00000001
00100011 00001000 00010101 00000100 00000011 00000011 11111101 00000000 00000001 00000101 00000000 00000001 00000101 00000100 00000100 00000001 00000010 00000001 00000000 00000001 00000010 00000010 00000010 00000001 00000000 00000000
00100011 00000111 00010011 00001000 00000011 00000001 11111111 00000000 00000000 00000011 00000011 00000100 00000011 00000101 00000011 00000011 00000000 00000000 00000000 00000000 00000000 00000001 00000010 00000001 00000001 11111111
00100011 00000111 00010100 00000111 00000011 00000011 00000011 00000100 00000000 00000010 00000010 00000011 11111110 00000001 00000000 11111111 00000000 11111111 11111111 00000001 00000000 00000010 00000000 00000000 00000000 11111111
00101001 00001010 00010101 00000101 00000001 00000011 00000000 00000001 11111110 00000011 00000001 00000101 00000001 00000011 00000011 00000001 00000001 00000000 00000010 00000011 00000010 11111111 00000000 00000000 00000000 11111111
00100111 00000110 00010010 00000110 00000111 00000100 00000001 00000100 00000010 00000110 00000001 00000100 00000101 00000111 00000101 00000001 00000001 00000000 11111111 00000010 00000000 11111111 11111110 11111111 00000001 11111111
00100111 00001000 00010101 00001001 00000100 00000011 00000010 00000010 00000001 00000101 00000001 00000100 00000011 00000100 00000011 00000000 00000010 00000011 00000001 00000000 00000001 00000010 00000010 00000001 00000001 11111111
00100110 00000011 00010010 00000110 00000011 00000011 00000010 00000110 00000000 00000010 00000000 00000011 00000011 00000010 00000010 00000010 00000001 00000010 00000010 00000100 00000011 00000010 00000001 11111111 00000010 00000000
00100110 00000011 00010011 00000110 00000010 00000100 11111111 00000100 00000010 00000010 00000001 00000011 00000101 00000100 00000001 00000001 00000000 00000000 00000000 00000010 00000010 00000011 00000000 00000001 00000011 00000001
00101000 11111111 00010100 00000101 00000100 00000011 00000011 00000101 11111111 00000010 11111110 00000011 00000011 00000010 00000001 00000001 00000010 00000010 00000000 00000010 00000000 00000000 00000000 00000001 00000001 11111110
00101011 00000010 00010101 00000110 00000100 00000000 11111110 00000000 11111111 00000111 00000001 00000100 00000001 00000001 00000001 00000001 00000001 00000011 00000001 00000101 00000011 00000010 00000001 00000000 00000001 00000000
00101101 00000100 00010101 00000100 00000011 00000011 11111111 00000011 00000000 00000011 00000001 00000011 00000001 00000001 00000010 00000000 00000000 00000001 00000001 00000011 00000011 00000011 00000001 00000001 00000001 00000000
00101100 00000100 00010011 00000011 00000011 00000011 11111111 00000010 00000000 00000101 00000001 00000100 00000001 00000011 00000001 00000001 00000001 00000001 00000001 00000100 00000100 00000011 00000010 00000001 00000001 00000000
00101011 00000010 00010111 00000111 00000100 00000001 11111111 00000011 11111110 00000001 00000000 00000010 00000000 00000010 00000000 00000010 00000010 00000010 00000001 00000010 00000001 00000011 00000001 00000000 00000001 00000001
00100111 11111111 00010110 00000100 00000110 00000010 11111110 00000011 11111011 00000000 11111110 11111111 00000011 00000010 00000011 11111111 00000010 00000011 11111111 00000100 00000000 00000010 11111111 11111111 00000010 00000000
00101001 00000000 00010110 00000100 00000010 00000010 11111111 00000001 00000000 00000011 00000010 00000011 00000010 00000011 00000011 11111111 00000100 00000100 00000001 00000101 00000000 00000010 00000001 00000000 00000010 00000000
00101011 00000010 00010111 00000100 11111111 11111111 00000000 00000010 11111111 00000100 00000001 00000101 00000101 00000101 00000100 11111110 00000011 00000000 00000010 00000100 00000010 00000011 00000001 11111111 00000000 00000001
00101100 00000001 00011001 00000110 00000010 00000011 11111011 00000011 00000000 00000000 11111111 00000100 00000011 00000001 00000101 00000001 00000011 00000010 00000001 00000010 00000001 00000001 00000000 11111111 00000001 11111111
00101110 11111111 00010101 00000101 00000000 00000010 11111101 00000011 00000001 00000001 00000001 00000011 00000010 00000001 00000011 00000001 00000010 00000001 11111110 00000001 11111100 00000000 11111111 11111110 00000001 00000000
00110001 00000011 00011000 00000011 00000000 00000001 11111110 00000011 00000001 00000001 00000001 00000010 00000100 00000110 00000101 00000010 00000001 00000000 00000001 00000001 11111101 00000010 00000001 11111111 00000001 00000000
00110001 00000011 00011001 00000011 00000011 00000110 11111111 00000100 00000011 00000011 00000000 00000100 00000011 00000011 00000100 00000000 11111111 11111110 00000000 00000000 11111110 00000001 00000000 11111111 00000000 00000001
00110000 00000011 00011000 00000110 00000100 00000110 11111110 00000000 11111110 00000000 11111111 00000100 00000011 00000010 00000011 00000001 00000000 00000001 00000001 00000000 11111110 00000001 00000001 11111111 00000000 00000001
00110000 00000101 00011001 00000111 00000100 00000100 00000000 00000100 11111110 11111111 00000001 00000011 00000011 00000100 00000011 00000000 00000010 00000001 00000000 00000010 00000001 00000010 00000000 00000000 00000000 00000001
00110001 00000101 00011000 00000111 00000100 00000100 00000000 00000010 11111110 00000001 00000011 00000011 00000000 00000010 00000010 11111111 11111101 11111111 11111111 00000001 00000001 00000011 11111111 00000000 00000000 00000000
00110100 00001001 00010111 00000011 00000001 00000000 11111110 00000010 11111110 00000000 00000001 00000010 00000011 00000001 11111111 00000000 11111101 11111110 11111111 00000001 00000000 00000011 11111111 00000001 00000000 11111111
00110101 00001000 00011010 00001001 00000011 00000011 11111110 00000010 11111100 11111111 00000010 00000001 00000001 00000011 00000001 11111111 11111110 00000001 11111110 00000001 00000001 00000011 11111110 00000001 00000001 00000000
00111001 00001011 00011001 00001011 00000100 00000110 11111111 00000011 11111001 11111100 00000001 00000000 00000000 00000101 00000011 11111111 11111111 11111110 11111101 00000001 00000000 00000001 11111111 00000001 00000010 00000010
00111110 00001110 00011101 00001100 00000101 00001000 00000001 11111111 11111011 11111100 11111110 11111110 00000000 00000100 00000010 11111101 11111111 00000000 11111111 00000011 00000001 00000011 11111101 00000001 00000000 11111111
01000111 00010100 00011111 00001101 00000111 00000111 11111111 11111111 11111100 11111010 11111101 00000001 11111111 00000011 00000010 11111111 11111110 11111111 11111110 00000001 11111110 00000010 00000000 00000000 00000000 00000000
01010000 00011001 00011101 00001100 00000011 00001001 00000000 11111111 11111011 11111001 11111100 00000010 11111111 00000100 00000001 11111111 00000000 11111111 11111111 00000011 11111111 00000101 11111110 11111110 11111111 00000000
01010111 00011011 00011010 00000111 00000100 00001100 11111110 11111011 11111001 11111010 00000000 00000100 00000000 00000011 00000010 11111101 11111111 00000000 11111110 00000010 00000001 00000100 00000000 11111100 11111110 00000001
01011001 00010111 00010101 00001010 00000100 00001011 00000101 00000010 11111111 11111000 11111100 00000011 11111011 00000010 00000101 11111010 11111101 00000000 11111101 00000010 00000010 00000110 11111111 11111110 00000010 00000010
01011000 00011100 00010101 00001010 00000010 00001011 00000010 11111101 11111111 11110111 00000000 00000001 11111100 00000011 00000100 11111001 11111111 11111111 11111101 00000000 00000000 00000101 00000000 11111111 00000001 00000001
01011010 00011111 00010101 00001010 00000100 00001001 00000001 11111001 11111111 11111010 11111110 00000001 11111110 00000100 00000100 11111010 11111111 00000000 11111110 00000000 11111111 00000100 00000000 11111111 00000001 00000001
01011011 00100000 00011001 00001011 00000010 00000101 00000010 11111011 11111100 11110111 11111111 00000010 00000000 00000011 00000100 11111100 11111110 11111101 00000000 00000001 00000000 00000110 11111111 11111111 00000010 00000000
01011011 00011111 00011000 00001011 11111110 00000111 00000100 11111100 11111011 11110100 11111110 00000101 11111101 00000011 00000010 11111101 11111101 11111101 11111111 00000001 00000010 00000100 00000000 11111110 00000001 00000000
01011111 00011101 00011001 00001011 00000000 00001000 00000011 11111110 11111100 11110111 11111101 00000011 11111100 00000110 00000010 11111100 11111110 11111101 00000001 00000000 00000001 00000100 11111111 11111111 00000010 11111111
01011101 00100001 00010101 00001100 00000100 00000101 00000000 11111110 11111100 11111000 11111110 00000010 11111100 00000101 00000101 11111010 11111101 00000000 00000000 00000000 00000001 00000100 00000000 11111111 00000010 11111111
01011010 00100001 00010111 00001010 00000110 00001000 11111110 11110111 11111111 11111011 11111101 00000000 11111100 00000111 00000100 11110111 11111101 00000010 00000000 11111111 11111111 00000100 00000011 11111110 00000001 00000001
01011111 00100000 00010110 00001001 00000111 00001000 11111101 11111010 11111111 11111010 11111110 00000001 11111101 00000111 00000010 11111010 11111110 11111110 00000010 00000000 11111110 00000101 00000010 11111111 00000001 00000000
01011010 00100001 00011000 00001000 00001001 00001000 11111011 11111011 11111011 11111110 11111111 00000001 11111110 00000111 00000010 11111010 11111110 11111110 00000001 11111111 11111111 00000100 00000001 11111111 00000010 00000001
01011001 00100100 00010110 00001000 00001011 00000110 11111011 11111011 11111010 11111110 00000001 00000010 11111101 00000110 00000100 11111010 11111101 11111111 00000000 11111111 00000001 00000011 00000000 00000000 00000010 00000001
01011011 00100011 00010011 00000111 00001100 00000111 11111100 11111011 11111011 11111110 11111111 00000000 11111101 00001001 00000101 11111010 11111010 00000000 00000001 11111111 00000010 00000101 00000010 11111101 00000010 00000001
01011001 00100011 00010000 00001001 00001100 00000110 11111110 11111100 11111101 11111101 00000001 00000001 11111101 00000110 00000100 11111101 11111011 11111111 00000000 11111111 11111111 00000100 00000001 11111111 00000000 00000010
01011000 00010111 00010011 00001100 00001000 00000111 11111011 11111100 11111100 00000000 00000011 00000000 00000001 00001000 00000101 11111111 11111010 11111111 00000000 00000000 11111111 00000010 00000001 11111110 00000000 00000010
01011000 00011000 00010110 00001001 00000111 00000110 11111110 11111100 11111101 11111100 00000000 11111110 00000000 00001010 00000110 11111101 11111110 11111111 00000001 00000001 00000000 00000001 00000001 11111111 00000010 00000001
01010011 00010111 00011000 00001011 00001000 00000101 11111110 11111000 11111110 00000000 00000010 11111101 00000010 00001011 00000100 11111100 11111100 11111110 00000000 00000001 11111111 00000011 00000001 11111101 00000011 00000010
01001111 00010100 00010100 00001010 00001000 00000101 00000000 11111011 11111111 00000101 00000001 00000011 00000001 00000111 00000001 11111011 11111100 11111111 11111111 00000001 00000000 00000011 00000000 00000000 00000001 00000010
01001001 00010110 00010111 00001010 00000100 00000101 00000000 11111101 11111110 00000011 00000000 00000001 00000000 00000110 00000001 11111101 11111011 11111100 11111110 00000010 00000000 00000000 00000000 00000000 00000001 00000011
01000110 00010001 00011010 00001101 00000110 00000001 11111011 11111010 11111100 00000010 00000001 00000001 11111101 00000101 00000010 11111110 11111001 11111100 11111111 00000010 00000001 00000001 00000000 11111111 00000000 00000011
00111010 00011000 00010100 00001000 00000111 00000010 11111100 11111110 11111111 11111110 00000001 00000000 11111101 00000011 00000011 11111101 11111001 11111101 00000000 00000001 00000000 00000000 00000000 11111111 00000001 00000001
00111001 00011001 00010010 00001001 00001010 00000101 11111110 11111110 00000000 00000000 00000001 11111101 11111111 00000100 00000011 11111100 11111011 11111101 00000001 00000010 00000000 00000001 00000000 11111110 00000000 00000001
00110111 00010110 00011000 00001000 00001000 00000101 11111110 11111010 11111110 11111111 00000001 11111111 00000011 00000111 00000011 11111111 11111100 11111110 00000000 00000100 00000001 00000001 00000000 11111111 00000001 00000001
00111011 00001110 00011010 00001000 00001100 00000101 00000001 11110111 11111101 00000001 00000100 00000001 00000010 00000100 11111111 11111101 11111011 00000001 00000000 11111111 11111111 00000010 11111111 11111110 00000001 11111111
00110100 00010101 00010101 00001001 00001011 00000110 11111110 11111010 11111101 00000010 00000011 00000010 00000001 00000100 00000001 11111100 11111010 11111111 00000000 00000001 00000001 00000010 11111111 11111111 00000001 00000010
00110100 00010101 00010101 00001001 00001011 00000111 11111111 00000000 00000000 00000010 00000001 11111110 00000010 00000100 00000010 11111110 11111011 11111101 00000000 00000000 00000000 00000010 00000000 00000000 00000001 00000001
00110101 00010100 00010101 00000111 00000111 00000101 11111111 11111111 11111101 00000001 00000000 11111111 00000000 00000011 00000011 11111111 11111101 11111111 00000000 00000000 11111111 00000000 00000001 00000000 00000001 00000001
00110011 00010100 00010111 00001001 00000101 00000010 11111101 11111101 11111101 00000010 00000001 11111110 11111111 00000100 00000001 11111111 11111101 11111111 00000000 00000010 00000000 00000000 00000001 00000001 00000000 00000000
00110001 00010100 00010101 00000111 00000101 00000001 11110111 11111011 11111101 00000001 00000000 00000000 00000010 00000100 00000011 00000000 11111110 00000010 00000000 11111111 00000000 00000001 00000010 00000010 00000000 00000010
00110010 00010100 00010101 00001010 00001001 00000011 11111101 11111101 11111100 11111110 00000000 00000010 00000100 00000100 00000100 00000001 11111101 11111110 00000000 11111111 11111111 00000010 00000001 00000001 00000010 00000001
00110001 00010010 00011000 00000101 00000110 00000001 11111111 11111100 11111011 11111101 11111111 00000000 00000011 00000100 00000011 00000001 11111110 11111101 00000000 00000001 00000010 00000010 00000001 00000010 00000000 00000010
00110001 00011000 00010111 00000111 00000101 00000010 11111110 11111111 11111110 00000000 00000010 00000000 00000010 00000101 00000011 00000001 11111111 11111111 00000000 00000010 00000010 00000010 00000010 00000010 00000001 00000001
00101110 00010110 00010110 00001011 00001000 00000010 11111011 11111011 11111101 00000001 00000001 00000001 00000001 00000011 00000011 00000001 00000000 11111101 11111111 00000001 00000010 00000011 00000011 00000001 00000000 00000001
00111000 00001010 00010110 00000100 00000110 00000010 00000001 00000010 11111110 00000011 11111100 11111110 00000011 00000101 00000000 00000000 00000001 00000000 00000011 00000001 00000001 00000011 00000001 00000010 00000000 00000001
01011110 11111001 00010000 11111101 11111111 00000001 00000010 00000001 11111111 00000101 11111001 11111100 00000001 00000100 11111110 11111111 00000010 00000001 00000001 00000000 00000001 00000100 00000001 00000001 00000001 00000000
01111111 11110110 00001100 11111100 11111011 00000101 00000011 00000010 00000001 00000001 11111001 11111011 00000100 00000110 00000000 00000010 00000100 00000001 00000000 00000001 11111110 00000001 00000010 00000001 00000001 00000010
01111010 11111001 00001010 11111000 00000000 00000100 00000101 00000000 00000000 00000010 11111001 11111011 00000100 00000101 00000001 00000001 00000010 00000000 00000000 00000000 11111101 00000001 00000011 00000001 00000000 00000001
01110000 11110111 00001000 11111001 11111011 00000010 00000110 00000001 00000011 00000011 11111100 11111100 00000101 00001000 00000011 11111110 00000100 00000000 00000000 00000000 11111111 00000000 00000001 00000000 00000010 11111111
01100001 11111010 00001011 11111101 11111011 00000011 00000110 11111111 11111111 00000010 11111011 11111100 00000100 00000111 00000010 11111101 00000001 11111111 00000010 00000001 00000000 00000100 00000010 00000000 00000010 00000000
01011010 00000011 00001100 00000000 00000001 00000101 00000110 00000011 00000010 00000101 11111100 11111001 00000010 00000111 00000000 11111101 00000001 11111110 00000000 11111111 11111101 00000000 11111111 00000000 00000011 00000010
01010111 00001010 00010000 00000110 00000001 00000110 00000111 00000100 00000011 00000010 11111100 11111010 11111111 00000100 00000001 11111111 11111111 11111110 00000001 00000000 00000000 00000001 11111111 00000000 00000001 00000001
01011110 00010000 00001101 00000010 00000101 00001101 00001001 00000101 00000010 11111111 11111011 11111101 00000000 00000100 00000001 11111111 00000000 11111110 11111111 11111110 11111110 00000001 11111111 11111110 11111111 00000001
01100100 00011000 00001110 00000000 00000010 00001110 00001011 00000101 00000011 11111101 11111001 11111100 11111101 00000001 00000011 11111111 00000001 00000000 00000000 11111110 11111101 00000010 00000000 11111101 00000001 00000010
01101100 00011010 00001010 11111011 00000000 00001101 00001101 00000110 00000011 11111101 11111010 11111010 11111010 00000010 00000100 11111110 00000001 11111110 00000001 00000000 11111111 00000011 00000001 11111111 00000010 00000010
01110101 00011110 00000001 11111100 00000011 00001111 00001001 00000100 00000100 11111100 11110110 11111101 11110111 00000001 00000101 11111110 00000000 11111111 00000001 11111111 11111110 00000011 00000001 11111110 00000011 00000011
01110111 00011101 00000011 11111101 00000001 00001101 00001001 00000011 00000001 11111100 11110101 11111100 11110111 00000001 00000111 11111101 11111111 00000000 00000000 11111110 11111111 00000010 00000000 00000001 00000010 00000010
01110110 00011011 00000110 11111111 00000001 00001100 00001011 00000100 11111111 11111011 11110110 11111100 11110110 00000000 00001001 11111110 00000001 11111111 00000000 11111101 11111111 00000001 11111110 00000000 00000010 00000010
01111000 00011011 00001000 11111111 00000000 00001101 00001001 00000011 00000010 11111010 11110110 11111110 11110101 00000000 00001001 11111101 00000010 11111111 00000010 11111110 11111111 00000001 11111101 11111111 00000001 00000011
01111010 00011001 00001000 11111110 11111110 00001101 00000101 00000010 00000011 11111010 11110100 11111101 11110101 00000001 00001010 11111110 00000010 11111111 00000011 11111110 11111111 00000001 11111101 11111111 00000001 00000100
01111001 00011100 00001001 11111110 11111110 00001001 00000110 00000100 00000010 11111010 11110011 11111100 11110110 00000011 00001000 11111101 00000001 00000011 00000001 11111100 11111110 00000001 11111111 00000000 00000001 00000010
01110101 00011110 00000110 11111111 11111111 00001010 00001010 00000011 00000000 11111100 11110011 11111010 11110111 00000000 00001000 11111101 00000011 00000011 00000010 11111100 11111111 11111111 11111110 00000000 00000001 00000001
01111000 00011011 00001001 11111101 11111111 00001001 00001000 00000001 00000000 11111100 11110100 11111101 11110110 00000000 00000111 11111110 00000001 00000001 00000000 11111110 11111111 00000000 11111110 00000000 00000001 00000010
01110110 00011100 00001010 11111111 11111111 00001010 00000111 00000010 00000001 11111011 11110100 11111111 11110101 00000001 00001000 11111110 00000010 00000001 00000010 11111101 11111110 00000000 11111110 00000000 00000000 00000001
01110110 00011100 00001001 00000000 11111101 00001000 00000111 00000000 00000010 11111001 11110101 11111110 11110100 00000000 00001000 11111110 00000001 00000010 00000001 11111101 11111111 00000001 11111110 11111111 00000001 00000001
01110111 00011100 00000110 00000010 11111111 00001001 00000111 00000000 00000010 11111011 11110101 11111111 11110111 11111111 00001000 11111110 00000001 00000100 00000000 11111111 11111111 00000001 11111110 11111111 00000010 00000001
01110110 00011100 00000111 00000000 00000000 00000111 00000111 00000000 00000000 11111011 11110110 11111111 11111000 00000000 00000110 11111110 11111111 00000101 00000001 11111111 11111111 00000000 11111110 11111110 00000011 00000000
01110101 00011011 00001010 11111110 00000000 00000110 00000100 00000011 11111111 11111100 11110110 11111101 11111001 11111111 00001001 11111011 00000001 00000100 00000010 11111111 00000000 11111111 11111110 11111110 00000010 00000001
01110100 00011101 00001010 11111111 11111111 00000110 00000011 00000010 00000001 11111100 11110101 11111101 11111000 11111110 00001000 11111100 00000001 00000011 00000011 11111111 00000000 11111110 11111110 11111110 00000011 00000000
01110100 00011100 00001100 11111110 11111101 00000110 00000011 00000001 00000001 11111110 11110101 11111101 11111001 11111110 00001000 11111011 00000001 00000100 00000001 00000000 00000001 11111111 11111110 11111110 00000011 00000000
01110001 00011101 00001100 11111110 00000000 00000100 00000100 00000001 00000010 11111110 11110111 11111100 11111010 11111100 00000110 11111100 00000001 00000101 00000001 00000000 00000000 11111111 11111110 11111110 00000011 11111111
01101100 00011100 00010010 11111110 11111111 00000110 00000010 00000010 00000000 00000000 11111001 11111100 11111010 11111101 00000110 11111101 11111111 00000100 00000001 11111111 00000000 11111111 11111101 11111111 00000010 11111111
01101000 00011100 00010011 11111101 00000011 00000011 00000110 00000001 00000010 11111100 11111010 11111100 11111010 11111110 00000111 11111101 11111100 00000100 00000011 11111111 11111111 00000000 11111101 11111110 00000010 00000000
01100100 00011010 00010101 11111101 00000101 11111111 00000110 00000001 00000011 11111010 11111010 11111101 11111110 11111110 00000100 11111111 11111011 00000011 00000011 00000000 11111111 00000000 11111111 11111111 00000001 00000010
01010110 00100000 00001100 11111100 00000010 00000010 00000101 00000010 00000101 11111110 11111101 00000000 11111101 00000010 00001000 11111101 11111011 00000000 00000010 00000000 00000000 11111111 11111110 00000000 00000010 00000010
01001111 00100011 00001110 00000000 00000010 00000110 00001000 00001000 00000100 11111111 11111101 00000000 11111101 00000000 00000111 00000000 11111101 00000001 11111111 11111110 11111110 11111111 11111111 11111111 00000001 00000000
01010000 00100010 00001101 00000010 00000001 00000101 00001000 00001011 00000110 00000010 11111101 11111111 11111100 00000001 00000111 00000000 11111101 00000000 00000000 11111111 11111111 11111111 11111111 11111110 00000000 00000001
01010001 00100100 00001110 00000010 00000000 00000110 00001000 00001000 00000110 00000000 11111100 11111111 11111100 00000010 00000111 00000001 11111101 00000000 00000000 11111111 11111110 11111111 00000001 11111111 00000001 00000001
01001100 00100101 00010001 00000010 00000100 00000111 00000111 00000111 00000100 00000001 11111101 11111110 11111100 00000001 00000110 00000011 11111110 11111111 00000001 11111110 11111111 00000000 00000000 00000000 00000001 00000001
01001100 00100111 00001111 00000001 00000101 00001000 00000111 00001000 00000011 00000000 11111110 11111111 11111011 00000000 00000110 00000010 11111101 00000000 00000001 00000001 11111110 11111111 11111111 11111111 00000001 00000001
01001001 00100100 00010000 00000001 00000101 00000111 00000111 00001000 00000011 00000001 11111110 11111110 11111011 11111111 00000100 00000010 11111110 00000000 00000010 00000001 11111111 11111111 11111110 11111110 00000010 00000010
01001000 00100011 00001111 00000000 00000011 00000101 00000111 00000111 00000101 00000001 11111110 11111111 11111100 00000000 00000100 00000001 00000000 00000001 00000010 00000001 00000000 00000000 11111110 11111110 00000001 00000010
01000101 00100001 00010000 00000010 00000101 00000111 00001000 00000101 00000010 00000000 11111111 11111110 11111010 11111111 00000011 00000010 00000000 00000000 00000010 00000010 00000001 11111111 11111110 11111101 00000000 00000010
01000010 00011111 00010010 00000001 00001001 00001001 00000111 00001000 00000001 00000001 11111111 11111100 11111011 00000000 00000100 00000100 00000001 00000000 00000000 00000001 11111111 11111110 11111110 11111111 00000010 00000010
01000010 00011111 00010001 00000000 00000010 00001001 00001001 00000110 00000011 00000010 00000000 11111100 11111011 00000000 00000100 00000011 00000000 00000000 00000000 00000011 00000001 11111111 11111111 11111110 00000001 00000011
01000011 00100000 00010011 00000001 00000101 00001000 00000110 00000011 00000100 00000101 00000001 11111111 11111011 11111111 00000010 00000001 11111111 00000001 00000001 00000000 00000000 11111111 11111110 11111111 00000010 00000100
01000001 00011101 00010100 00000011 00000101 00001000 00000110 00000101 00000011 00000100 00000000 11111101 11111100 11111111 00000010 00000001 00000000 00000000 11111111 00000001 11111111 00000000 11111111 00000000 00000000 00000010
00111110 00011100 00010010 00000000 00000101 00001010 00001000 00001000 00000011 00000001 00000000 11111100 11111101 00000001 00000100 00000001 11111111 00000000 00000001 00000001 00000000 11111111 11111110 11111111 00000010 00000001
00111100 00011110 00010010 11111111 00000011 00001000 00001000 00000110 00000110 00000101 00000001 11111110 11111111 00000001 00000100 00000000 11111101 11111101 11111110 00000000 00000000 11111111 11111111 00000001 00000010 00000001
00111001 00011011 00010100 00000101 00000101 00001001 00001001 00000111 00000101 00000110 00000000 11111110 11111100 00000000 00000011 00000000 11111111 11111110 11111111 00000001 11111111 00000001 00000010 00000010 00000001 00000001
00111100 00011100 00010010 00000011 00000111 00001001 00001001 00000110 00000101 00000101 00000000 11111100 11111011 00000000 00000010 00000001 11111110 11111111 00000000 00000001 00000001 00000000 00000010 00000001 00000000 00000000
00111010 00011100 00010110 00000100 00000101 00001011 00001000 00001000 00000110 00000110 00000000 11111101 11111100 11111111 00000100 00000010 11111111 11111110 11111111 00000000 11111111 00000000 00000010 00000000 00000000 00000000
00111011 00011100 00010101 00000110 00000110 00001010 00000110 00001000 00000101 00000100 00000001 11111100 11111011 00000001 00000100 00000000 11111110 00000000 00000001 00000000 11111111 00000000 00000000 00000000 00000000 00000000
00111001 00011011 00010100 00000101 00001000 00001000 00001000 00001001 00000111 00000110 11111110 11111100 11111100 11111111 00000010 00000001 11111110 11111111 00000000 00000001 00000000 00000000 00000001 00000001 00000001 00000000
00111010 00011011 00010100 00000100 00000110 00001001 00000111 00001011 00000101 00000011 11111111 11111110 11111110 00000001 00000100 00000000 11111110 11111110 00000001 00000000 11111111 00000000 00000000 00000001 00000000 00000001
01000000 00011011 00011011 00000100 00001000 00000110 00000110 00000011 00000010 00000011 11111111 11111100 11111101 00000000 00000000 00000001 00000001 00000001 00000010 00000001 11111111 11111111 00000000 00000001 11111111 00000001
01001000 00011011 00011100 00001000 00000110 00000100 00000010 00000011 00000010 00000000 11111101 11111111 11111110 00000011 00000001 11111110 00000000 00000010 00000001 00000000 11111111 00000001 00000000 00000001 00000010 00000001
01011000 00011101 00011001 00000101 00000101 11111101 11111110 00000101 11111101 11111100 11111101 00000011 00000010 00000011 00000010 11111000 00000001 00000001 00000001 00000001 00000001 00000011 00000000 11111111 00000010 00000001
01011111 00011101 00011001 00000101 00000101 11111101 11111101 00000100 11111100 11111101 11111010 00000101 00000010 00000010 00000000 11111010 00000001 00000001 00000000 00000011 00000011 00000100 11111111 11111110 00000001 00000010
01100010 00011100 00011010 00001000 00000101 00000001 11111001 00000001 11111100 11111110 11111110 00000011 00000000 00000001 11111111 11111001 00000001 00000001 00000001 00000010 00000011 00000100 00000000 11111110 11111111 00000010
01100101 00100000 00010111 00000111 00000101 11111111 11110101 00000000 11111110 11111011 11111111 00000110 11111111 00000010 11111111 11111010 00000011 00000010 00000000 00000010 00000101 00000100 00000000 11111110 11111111 00000001
01100111 00011110 00011000 00000110 00000111 11111100 11110110 00000001 11111001 11111100 00000000 00000110 00000000 00000010 11111110 11111010 11111111 00000001 00000010 00000010 00000110 00000110 00000000 11111111 11111101 00000001
01101000 00011111 00011011 00000011 00000101 11111111 11111000 00000010 11111001 11111110 11111111 00000100 00000010 00000001 11111110 11111011 11111110 00000010 00000010 00000010 00000100 00000101 11111111 00000000 11111111 00000000
01101001 00011111 00010110 00000100 00000110 00000010 11111001 11111111 11111010 11111011 11111110 00000100 00000001 00000001 11111101 11111011 00000000 00000010 00000010 00000011 00000010 00000100 00000000 11111101 00000001 00000001
01100111 00011111 00010011 00000101 00001001 00000011 11111001 11111111 11111001 11111011 11111011 00000011 00000011 00000010 11111100 11111100 00000001 00000001 00000001 00000010 00000010 00000100 00000001 11111110 00000001 00000001
01101001 00011110 00010110 00000001 00000111 00000101 11111000 00000000 11110111 11111101 11111011 00000100 00000011 00000010 11111101 11111010 00000001 00000001 00000001 00000010 00000100 00000001 00000001 11111111 00000010 00000000
01101001 00011110 00010101 00000010 00001000 00000100 11111001 00000001 11111010 11111010 11111110 00000010 00000010 00000011 11111011 11111101 11111110 00000100 00000001 00000010 00000010 00000010 00000001 11111111 00000010 00000000
01101000 00011110 00010100 00000011 00001001 00000110 11111001 00000001 11111011 11111010 11111101 00000011 00000001 00000011 11111100 11111101 00000001 00000010 00000001 00000001 00000010 00000010 11111111 11111111 00000011 00000000
01101101 00011100 00010000 00000011 00001011 00000111 11111001 00000010 11111010 11111010 11111010 00000010 00000011 00000101 11111100 11111110 00000010 00000010 00000001 00000001 00000010 00000010 00000000 00000000 00000100 00000001
01101100 00011100 00010011 00000001 00001001 00000101 11111001 00000011 11111101 11111010 11111011 00000011 00000010 00000011 11111101 11111101 00000010 00000011 00000000 00000010 00000001 00000001 00000001 00000000 00000100 00000000
01101000 00011100 00010101 00000011 00001001 00000100 11111100 00000011 11111110 11111001 11111101 00000010 00000000 00000101 11111101 11111110 00000000 00000100 00000000 00000001 00000001 00000010 00000001 11111111 00000011 00000000
01101001 00011101 00010010 00000000 00001010 00000111 11111010 00000100 00000001 11111000 11111001 00000010 00000001 00000101 11111101 11111111 00000010 00000010 11111111 00000001 11111111 00000010 00000001 00000000 00000100 00000001
01101110 00011001 00010000 00000011 00000111 00000110 11111000 00000101 11111111 11111011 11111010 00000011 00000010 00000110 11111011 11111110 00000010 00000011 11111110 00000010 00000010 00000011 00000000 00000000 00000010 00000001
01101111 00010111 00010011 00000010 00001000 00000101 11110110 00000110 00000000 11111100 11111001 00000010 00000010 00000110 11111100 11111101 00000001 00000011 11111111 00000010 00000001 00000011 00000000 00000000 00000010 00000000
01101110 00010110 00010000 00000101 00001010 00000101 11110101 00000110 00000010 11111101 11111001 00000001 00000010 00000101 11111011 11111100 00000011 00000010 00000000 00000001 00000001 00000011 00000000 00000001 00000010 00000000
01110000 00010110 00010000 00000010 00001001 00000011 11110110 00000100 00000001 11111101 11111001 00000001 00000010 00000101 11111011 11111101 00000011 00000010 11111111 00000010 00000001 00000010 00000000 00000010 00000010 00000001
01110000 00010111 00010011 00000010 00001000 00000001 11110110 00000110 11111110 11111111 11111000 00000010 00000010 00000110 11111100 11111101 00000011 00000011 11111110 00000011 00000001 00000100 00000000 00000000 00000001 00000000
01101110 00011001 00001111 00000101 00001010 11111111 11111000 00000111 00000001 11111011 11111000 00000001 00000000 00000110 00000000 11111010 00000100 00000001 00000000 00000010 00000010 00000011 11111111 11111111 00000010 00000001
01101011 00011001 00001111 00000011 00001101 00000001 11111001 00000110 00000000 11111011 11111001 00000011 00000000 00000100 11111111 11111011 00000011 00000011 11111111 00000010 00000010 00000011 00000001 00000000 00000010 00000001
01101111 00010110 00001100 00000110 00001101 00000011 11111000 00000110 00000001 11111010 11111000 00000011 00000001 00000110 11111111 11111011 00000001 00000011 11111101 00000100 00000010 00000010 00000010 00000000 00000010 00000001
01101101 00010111 00010001 00000100 00001011 00000011 11111000 00000100 00000001 11111001 11111010 00000001 00000000 00000011 00000010 11111011 00000100 00000011 11111100 00000011 00000010 00000010 00000000 00000000 00000011 00000010
01101101 00010110 00010010 00000100 00001011 00000011 11111010 00000010 00000011 11111011 11111000 00000001 11111111 00000001 00000011 11111011 00000110 00000011 11111011 00000100 00000010 00000010 00000001 11111111 00000001 00000010
01110000 00011000 00001111 00000001 00001011 00000011 11111001 00000001 00000110 11111011 11110110 00000011 11111110 00000000 00000010 11111000 00001000 00000011 11111010 00000011 00000011 00000001 00000001 00000001 00000001 00000001
01101110 00010111 00010011 00000100 00000111 00000001 11111100 00000101 00000011 11111010 11111000 00000000 11111101 00000001 00000101 11111010 00000110 00000011 11111101 00000001 00000010 00000010 00000001 00000001 00000001 00000011
01110000 00010110 00010001 00000010 00001010 00000001 11111100 00000110 11111111 11110111 11111010 00000000 11111111 00000010 00000001 11111010 00000101 00000011 11111110 00000001 00000010 00000011 00000000 00000001 00000010 00000000
01101101 00010111 00010001 00000011 00001101 00000001 11111011 00000110 00000000 11111011 11110111 00000000 00000000 00000010 00000000 11111011 00000101 00000110 11111101 00000011 00000011 00000001 11111111 00000001 00000010 00000000
01101101 00010101 00010010 00000101 00001000 00000001 00000000 00000110 11111101 11111011 11110110 00000000 11111101 00000000 00000010 11111110 00000100 00000110 11111101 00000000 00000010 00000010 11111111 00000000 00000010 00000001
01110000 00010110 00001111 00000100 00000111 00000001 00000001 00000111 11111101 11111100 11110110 00000010 11111110 11111111 00000010 11111110 00000010 00000110 11111110 11111111 00000010 00000011 00000000 11111111 00000010 00000001
01110000 00010010 00010000 00000101 00001000 00000001 00000000 00000100 11111110 11111101 11110110 00000011 11111111 00000001 11111111 11111111 00000010 00000110 11111111 11111111 00000011 00000100 11111110 00000000 00000010 11111111
01101110 00010000 00010000 00000111 00001010 00000010 00000000 11111110 00000000 11111101 11110110 00000010 00000010 00000000 11111101 00000000 00000011 00000101 00000000 11111110 00000011 00000011 11111110 11111111 00000011 11111110
01110000 00001111 00001101 00000111 00001011 00000010 11111111 00000000 00000001 11111100 11110110 00000010 00000011 00000100 11111100 00000000 00000011 00000011 00000000 11111110 00000011 00000011 11111111 00000000 00000010 11111110
01101111 00001111 00001010 00000111 00001011 00000100 11111111 11111111 00000010 11111100 11110110 00000010 00000011 00000100 11111101 11111111 00000010 00000010 11111111 11111111 00000011 00000011 00000001 00000000 00000001 11111110
01101101 00001110 00001011 00000111 00001010 00000011 00000000 00000010 00000001 11111101 11110111 11111111 00000011 00000100 11111110 00000000 00000001 00000001 11111111 00000000 00000100 00000010 00000000 11111110 00000010 00000000
01101010 00001110 00001101 00000111 00001011 00000000 00000001 00000011 00000000 11111110 11111000 11111110 00000101 00000011 11111110 00000000 00000001 00000001 11111111 11111111 00000011 00000010 00000000 11111101 00000010 11111110
01101011 00001101 00001011 00001010 00001011 11111101 00000001 00000101 00000011 00000001 11110111 11111101 00000100 00000011 11111111 00000001 00000010 00000001 11111110 11111110 00000010 00000010 00000001 11111101 00000010 11111110
01100111 00001010 00001001 00001000 00001101 00000100 00000001 00000110 00000010 11111100 11111010 11111100 00000110 00000010 11111110 00000000 00000010 00000010 00000000 11111111 00000001 00000001 00000010 11111110 00000001 11111110
01100100 00000111 00001010 00001010 00001110 00000011 00000101 00000101 00000001 11111111 11111000 11111110 00000101 00000010 11111100 00000011 00000000 00000100 00000001 11111110 00000010 00000000 00000000 11111101 00000000 11111111
01100010 00001001 00001001 00001100 00001100 00000110 00000111 00000110 11111111 11111100 11110101 11111101 00000111 00000011 11111111 00000010 00000000 00000010 11111111 11111101 00000001 00000000 00000001 11111101 00000001 11111111
01100101 00001101 00000110 00000111 00001011 00001011 00000111 00000101 11111110 11111101 11110111 11111110 00000111 00000010 11111101 00000010 00000000 00000010 00000000 11111111 00000011 00000001 00000001 11111011 11111111 11111110
01011111 00001101 00001011 00001000 00000111 00000110 00000111 00000111 00000001 11111101 11111000 11111101 00000101 00000100 11111111 00000000 11111111 00000001 00000000 11111111 00000011 00000010 00000000 11111101 00000001 11111110
01011100 00010000 00010000 00000100 00001001 00001000 00000101 00000110 11111110 11111111 11111001 11111110 00000100 00000100 11111110 00000000 00000000 00000000 00000000 11111101 00000010 00000001 00000010 11111110 00000000 11111111
01011000 00001111 00010000 00001001 00001011 00001001 00000000 00000100 00000000 00000000 11111011 00000000 00000001 00000011 11111110 11111110 00000000 00000011 00000001 11111101 00000010 00000001 00000001 11111101 00000010 00000000
01010110 00010000 00010000 00001000 00001001 00000110 00000010 00000100 00000010 00000001 11111011 11111111 00000011 00000010 11111100 00000000 00000010 00000000 00000001 11111111 00000001 00000001 00000010 11111110 00000010 00000000
01011011 00001110 00001111 00001010 00001000 00000101 00000101 00000011 00000001 00000000 11111010 11111111 00000111 00000010 11111011 00000000 00000010 00000000 11111111 11111111 00000100 00000000 00000000 11111110 00000001 11111111
01011000 00001111 00010000 00001010 00001001 00000110 00000100 00000110 00000011 11111101 11111001 11111110 00000111 00000000 11111111 11111111 00000011 00000000 11111110 11111110 00000011 00000010 11111111 11111110 00000010 00000001
01010011 00010000 00001111 00001001 00001011 00001000 00000100 00000110 00000001 11111010 11111001 00000000 00000101 00000010 11111111 00000000 00000001 00000000 00000000 11111111 00000100 00000010 11111111 11111101 00000001 00000000
01010000 00010001 00010001 00001010 00001010 00000110 00000011 00000110 00000001 11111100 11111001 00000001 00000011 00000011 11111110 00000000 00000011 00000000 00000001 11111110 00000001 00000010 00000010 11111101 00000001 00000001
01001101 00010001 00010000 00001010 00001010 00001001 00001000 00000110 00000010 11111110 11111001 00000000 00000001 11111111 11111110 00000001 00000011 00000001 00000010 11111110 00000001 00000010 11111111 11111101 00000000 00000000
01001001 00001111 00010101 00001011 00001001 00001001 00000100 00000110 00000010 11111101 11111101 00000001 11111111 11111111 11111101 00000000 00000100 00000001 00000001 00000001 00000010 00000000 11111111 11111101 00000010 00000000
01001001 00010001 00010100 00001101 00001000 00000111 00000011 00000101 00000011 00000000 11111100 00000001 11111111 00000001 00000000 11111111 00000001 00000001 00000001 11111110 00000001 00000001 00000000 11111101 00000010 11111111
01001110 00001110 00001111 00001011 00000111 00001000 00000111 00000111 00000011 11111111 11111010 00000010 00000011 00000010 00000001 11111110 11111111 11111111 00000010 11111101 00000001 00000011 11111111 11111110 00000010 00000000
01001011 00001110 00010000 00001001 00001000 00001010 00000111 00001001 11111111 11111101 11111001 00000000 00000101 00000010 00000000 11111111 11111111 00000011 00000010 11111101 00000001 00000001 11111111 11111110 00000000 11111111
01001000 00001111 00001111 00001010 00000111 00001011 00001000 00001000 11111111 11111101 11111100 00000010 00000010 00000000 11111111 00000001 11111111 00000000 00000000 11111110 00000000 00000010 00000000 11111111 00000011 00000001
01001000 00001101 00001110 00000111 00000010 00001011 00000101 00000101 00000001 11111100 11111100 00000010 00000010 00000011 11111110 00000000 00000010 00000001 11111110 00000000 00000001 00000010 11111111 11111110 00000010 00000000
01000010 00001111 00001110 00001001 00001001 00001011 00000101 00000100 00000010 11111101 11111001 00000010 00000011 00000010 11111101 00000000 00000010 00000001 11111111 00000001 00000000 00000011 11111111 11111110 00000001 11111111
00111100 00001110 00001101 00000111 00001001 00001000 00000100 00000101 00000011 11111111 11111000 00000000 00000100 00000010 11111010 11111110 00000001 00000001 11111110 00000001 00000001 00000010 11111101 11111110 00000000 11111111
00111011 00001100 00001101 00000100 00000110 00001000 00000110 00000011 11111110 11111110 11111010 00000000 00000011 00000000 11111100 00000001 00000010 00000001 11111111 00000001 00000001 00000010 11111110 00000000 00000001 11111110
00111100 00001110 00000111 00000101 00001010 00001001 00000010 00000011 11111111 11111110 11111100 00000001 00000011 00000000 11111110 11111110 11111111 00000000 11111111 00000001 00000001 00000010 11111111 11111111 00000000 00000001
00111001 00010000 00001011 00000100 00001010 00001100 00000101 00000011 11111110 11111110 11111010 00000100 00000101 00000010 11111110 00000001 00000010 00000000 11111111 00000001 00000010 00000011 00000000 00000000 00000000 00000001
00111001 00010000 00001100 00001000 00001000 00001011 00000101 00000001 00000001 11111111 11111100 00000100 00000011 11111100 11111101 00000000 00000001 00000001 00000000 11111111 00000000 00000001 11111111 11111111 00000000 11111111
00111010 00010001 00001010 00000110 00001000 00001010 00000101 00000001 11111101 11111111 11111101 00000011 00000100 11111111 00000000 00000000 00000000 00000000 00000000 11111111 11111111 00000001 00000001 11111111 00000000 11111111
00110111 00010010 00001011 00000011 00001001 00001001 00000100 00000100 00000000 00000001 11111111 00000010 00000011 00000000 11111110 11111111 00000000 00000000 00000010 00000000 00000000 00000010 00000000 11111111 00000000 00000000
00110011 00010000 00001000 00000101 00001000 00001001 00000100 00000100 00000000 00000001 00000001 00000101 00000100 00000000 11111101 11111110 11111111 00000001 11111111 11111100 00000000 00000010 00000000 00000000 00000001 11111111
00110000 00001101 00001001 00000011 00001000 00000111 00000011 00000001 00000001 00000001 11111111 00000001 00000011 00000010 11111111 11111110 11111110 00000001 00000000 00000001 00000010 00000010 00000001 00000001 00000010 00000000
00110001 00001111 00001011 00000011 00000110 00000111 00000101 00000001 11111110 11111111 00000001 00000011 00000011 00000001 00000000 00000001 00000001 00000010 00000010 00000001 00000001 00000001 00000001 00000010 00000000 11111111
00101111 00001110 00001110 00000111 00001001 00000110 00000011 00000001 11111111 11111111 00000010 00000100 00000010 00000001 00000000 00000000 00000010 00000011 00000000 00000000 00000000 00000011 00000001 00000000 00000001 00000000
00101101 00001100 00001110 00000111 00000111 00000110 00000010 00000010 00000010 00000011 00000000 00000011 00000011 00000001 00000010 00000001 00000001 00000011 00000011 00000001 00000000 00000001 00000000 11111111 00000001 00000000
00101101 00001011 00001110 00000101 00001000 00000111 00000100 00000101 00000001 00000010 00000001 00000101 00000101 00000001 11111110 00000000 00000000 00000011 00000000 00000010 11111111 00000001 11111111 11111111 00000001 00000000
00101010 00001010 00001110 00000100 00000111 00000110 00000001 00000011 00000000 00000001 00000000 00000100 00000101 00000000 11111111 00000001 00000100 00000011 11111111 00000000 00000001 00000010 11111110 11111111 00000001 00000001
00101010 00001110 00001111 00000101 00001000 00000111 00000110 00000111 00000011 11111110 11111110 00000100 00000100 00000100 00000001 00000001 00000001 00000011 00000011 00000010 00000011 00000010 11111111 11111110 00000001 00000001
00101001 00001101 00010000 00000011 00000111 00000101 00000011 00000110 00000001 11111111 11111110 00000010 00000100 00000010 00000010 00000000 00000001 00000100 00000001 00000010 00000000 00000001 00000000 11111111 00000000 00000010
00100111 00001001 00001101 00000110 00001000 00001000 00000010 00000011 00000000 00000000 00000011 00000110 00000101 00000011 11111111 00000000 00000010 00000010 00000000 00000000 00000000 00000001 00000000 00000000 00000000 00000000
00101000 00001010 00001111 00001000 00001000 00000100 11111111 00000001 00000000 00000000 11111111 00000010 00000100 00000101 00000000 11111111 00000001 00000010 00000000 00000000 00000000 00000000 00000001 00000010 00000001 00000001
00100110 00001000 00001101 00000001 00000110 00000010 11111101 11111111 00000001 11111111 11111111 00000010 00000011 00000010 00000000 00000001 00000011 00000100 11111111 00000000 00000010 00000010 11111111 11111111 00000000 00000000
00100101 00001000 00001111 00000010 00000011 00000010 00000010 00000010 11111110 00000000 00000001 00000011 00000001 00000000 11111111 11111111 00000001 00000010 00000000 00000011 00000010 11111111 11111111 11111111 11111111 00000000
00100101 00000110 00001101 00000010 00000100 00000011 00000000 00000010 11111110 00000001 00000000 00000010 00000010 00000010 00000011 00000100 00000010 00000001 11111110 00000010 00000000 11111111 11111111 00000010 00000010 00000001
00100110 00001001 00001111 00000110 00000100 00000010 00000000 00000010 00000000 11111111 11111111 00000000 00000001 00000001 00000001 00000010 00000011 00000011 00000001 00000010 00000000 00000001 00000000 11111111 11111111 00000000
00100101 00000101 00010001 00000111 00000101 00000011 11111111 00000000 00000000 00000010 00000001 00000011 00000011 00000010 00000100 00000011 00000000 00000010 00000010 11111111 11111111 00000001 00000000 00000000 00000001 11111111
00100011 00000101 00010001 00000010 00000010 00000011 11111110 00000001 11111111 00000001 11111110 00000010 00000100 00000011 00000100 00000010 00000000 11111111 11111111 11111110 11111111 00000000 00000010 00000010 00000000 00000000
00100100 00000101 00001110 00000100 00000010 00000011 00000000 00000010 00000001 00000010 00000010 00000100 00000110 00000011 11111111 11111111 00000000 11111111 11111111 00000001 00000010 00000000 11111111 11111111 11111110 00000000
00100111 00000111 00001111 00000101 00000010 00000010 00000001 00000100 00000001 00000101 00000010 00000101 00000101 00000010 00000001 00000001 00000010 00000010 00000001 00000001 00000001 00000001 00000000 11111111 00000000 00000000
00100110 00001010 00010010 00000111 00000011 00000011 00000010 00000001 00000001 00000100 00000001 00000100 00000010 00000001 00000011 00000010 00000010 00000001 11111111 00000000 00000001 00000011 00000001 00000010 00000001 00000000
00100011 00001010 00010000 00000110 00000101 00000010 00000000 00000011 00000011 00000011 11111110 00000010 00000100 00000011 00000010 00000010 00000001 00000010 00000010 00000000 00000010 00000010 00000001 00000000 11111111 00000001
00100100 00001001 00010000 00000110 00000100 00000010 00000001 00000010 00000000 00000000 00000010 00000011 00000100 00000100 00000110 00000101 00000011 00000001 00000010 00000001 00000000 00000010 00000001 00000000 00000001 00000001
00100100 00001010 00010100 00001001 00000110 00000011 00000001 00000010 00000000 00000010 00000100 00000011 00000000 00000100 00000101 00000010 00000010 00000001 00000001 00000001 00000001 00000001 00000000 00000000 00000001 00000001
00100101 00001001 00010010 00000110 00000100 00000011 00000001 00000110 00000100 00000101 00000011 00000101 00000010 00000011 00000001 00000000 00000000 00000011 00000010 00000011 00000001 00000010 00000010 00000001 00000001 00000000
00100100 00001001 00010010 00000100 00000011 00000001 00000000 00000010 00000010 00000100 00000011 00000110 00000100 00000100 00000001 00000010 00000010 00000001 00000000 00000001 00000010 00000001 00000000 11111111 11111111 11111111
00100010 00000110 00010010 00000111 00000110 00000001 00000000 00000001 11111111 00000010 00000010 00000011 00000011 00000010 00000001 00000000 00000010 00000010 00000001 00000000 00000001 00000001 00000010 00000001 00000000 00000001
00100010 00001000 00010100 00001001 00000010 00000010 00000001 00000010 00000000 00000011 00000001 00000010 00000011 00000011 00000110 00000011 00000000 00000000 00000000 00000001 00000000 00000001 00000010 00000001 00000000 00000000
00100011 00001000 00010000 00000111 00000100 00000100 00000010 00000001 00000000 00000001 00000010 00000011 00000001 11111111 00000001 00000000 00000000 11111111 00000001 00000010 00000001 00000000 00000000 00000000 11111111 00000000
00100101 00001000 00001111 00000110 00000100 00000100 00000001 00000010 11111111 00000011 00000010 00000011 00000011 00000010 00000011 00000001 00000001 00000001 00000001 00000010 00000001 00000001 11111111 00000000 11111111 00000000
00100010 00000100 00010001 00000100 00000101 00000101 00000000 00000010 00000010 00000010 00000001 00000010 00000011 00000100 00000100 00000010 00000100 00000100 00000011 00000011 00000010 00000001 00000000 11111111 00000000 00000001
00100011 00000110 00010000 00000111 00000101 00000101 00000011 00000011 00000010 00000011 00000011 00000101 00000100 00000100 00000110 00000110 00000011 00000010 00000001 00000000 00000000 00000010 00000000 00000000 00000000 00000001
00100110 00001100 00010011 00000111 00000101 00000011 00000000 00000011 00000101 00000101 00000101 00000101 00000010 00000010 00000010 00000010 00000010 00000011 00000010 00000001 00000000 00000001 00000000 00000000 00000000 00000001
00100100 00001100 00010011 00000110 00000001 00000001 11111110 00000001 00000001 00000110 00000110 00000101 00000011 00000100 00000011 00000011 00000010 00000011 00000001 00000000 00000000 00000000 00000000 00000000 00000001 00000001
00100011 00000111 00010000 00000111 00000101 00000001 00000001 00000001 00000011 00000010 00000001 00000001 00000010 00000010 00000100 00000010 00000000 00000001 00000000 00000001 00000000 00000010 11111111 00000001 00000010 00000001
00100011 00001100 00010010 00000101 00000100 00000011 00000000 00000011 00000010 00000010 00000011 00000100 00000100 00000011 00000001 00000011 00000000 00000010 00000001 00000001 00000000 00000001 00000001 00000000 00000010 00000010
00100100 00001000 00010000 00000110 00000101 00000011 00000010 00000010 00000010 00000011 00000011 00000001 00000011 00000100 00000010 00000010 00000010 00000100 00000010 11111111 00000001 00000001 11111111 11111111 11111111 00000000
00100000 00000101 00001110 00000110 00000101 00000000 11111111 11111110 11111111 00000001 00000011 00000100 00000011 00000100 00000100 00000010 00000010 00000011 00000000 11111111 00000000 00000010 00000010 00000001 00000000 00000001
00100011 00000101 00010010 00000111 00000100 00000001 11111110 00000000 00000000 00000011 00000011 00000010 00000100 00000011 00000100 00000010 00000011 00000010 00000000 00000001 00000001 00000001 00000000 00000001 00000000 11111111
00100110 00001100 00010101 00001000 00000100 00000100 00000000 00000000 11111110 00000011 00000100 00000101 00000100 00000011 00000101 00000011 00000001 00000010 00000000 00000000 00000000 00000000 11111111 00000001 00000000 11111111
00100100 00001001 00010011 00001001 00000111 00000111 00000100 00000001 11111111 00000000 00000000 00000010 00000100 00000010 00000010 00000010 00000011 00000010 00000000 00000001 00000011 00000001 11111111 00000000 00000000 00000000
00100011 00000111 00010001 00000110 00000100 00000011 00000010 00000010 00000011 00000100 00000010 00000010 00000011 00000010 00000000 00000000 00000010 00000100 00000001 00000000 00000010 00000001 00000000 00000001 00000010 00000000
00100010 00000111 00010000 00000100 00000011 00000001 00000000 00000011 00000010 00000101 00000011 00000100 00000011 00000010 00000001 00000000 00000010 00000100 00000011 00000001 00000001 00000011 00000001 00000001 00000000 00000001
00100010 00000110 00010000 00000111 00000011 00000101 00000010 00000011 00000001 00000110 00000010 00000011 00000010 11111111 00000000 00000000 00000011 00000010 00000001 00000010 00000000 00000011 00000001 00000000 11111111 00000000
00100010 00001010 00010010 00000111 00000110 00000010 11111111 00000010 00000000 00000010 00000011 00000011 00000010 00000100 00000010 00000001 00000001 00000000 11111111 11111111 00000000 00000001 00000000 11111111 11111111 00000001
00100011 00000110 00010000 00000110 00000011 00000010 00000010 00000100 00000001 00000100 00000100 00000101 00000011 00000100 00000011 00000001 00000010 00000001 00000001 00000000 11111111 11111101 11111101 11111111 11111111 00000000
00100000 00000110 00001111 00001000 00000100 00000010 11111111 00000001 00000001 00000010 00000001 00000011 00000101 00000101 00000101 00000011 00000001 00000011 00000001 00000000 00000000 00000010 00000001 00000001 00000001 00000001
00011111 00001000 00010011 00000110 00000100 00000011 11111111 00000001 00000010 00000011 00000001 00000001 00000100 00000011 00000000 00000000 00000010 00000010 00000000 00000010 00000010 00000010 00000010 00000000 00000001 00000001
00100101 00001100 00010110 00000110 00000010 11111111 11111101 00000000 00000000 00000001 00000001 00000001 00000001 00000000 00000000 00000001 00000000 11111111 00000000 00000001 00000010 00000001 11111111 00000000 11111111 11111110
00011110 00000100 00010001 00000100 11111111 11111110 11111100 00000001 11111110 00000010 00000100 00000011 00000010 00000001 00000011 00000100 00000001 00000010 00000010 00000010 00000100 00000011 00000000 00000001 11111111 11111111
00011110 00000001 00001110 00000011 00000000 11111111 11111111 00000010 00000000 00000000 11111111 00000001 00000001 00000010 00000010 11111111 11111111 00000010 00000001 00000010 00000010 00000001 00000000 00000000 00000000 00000001
00011111 00000111 00010010 00000111 00000101 00000000 11111111 00000001 11111110 00000010 00000010 00000011 00000010 00000010 00000001 00000001 00000001 00000011 00000010 00000011 00000011 00000010 00000001 11111111 00000001 00000000
00100010 00001000 00010001 00000101 00000011 00000001 11111111 11111110 11111110 00000011 00000011 00000011 00000010 00000011 00000001 00000001 00000010 00000011 00000010 00000100 00000011 00000010 11111111 11111111 00000000 00000000
00100001 00000111 00010000 00000111 00000101 00000001 00000010 00000011 00000001 00000011 00000010 00000010 00000001 00000011 00000100 00000011 00000010 00000001 00000010 00000100 00000010 00000011 00000001 00000001 00000001 00000000
00100101 00001001 00010011 00000111 00000111 00000010 11111110 00000000 00000001 00000101 00000101 00000101 00000100 00000100 00000010 00000010 00000010 00000000 00000100 00000100 00000001 00000011 00000001 00000001 00000001 00000000
00100011 00000110 00010001 00001000 00000111 00000100 00000011 00000011 00000001 00000100 00000110 00000100 00000100 00000101 00000100 00000011 00000100 00000100 00000100 00000100 00000001 00000010 00000001 00000011 00000010 00000001
00100101 00001010 00010010 00001000 00000100 00000011 00000101 00000011 00000001 00000100 00000100 00000001 00000010 00000011 00000010 00000010 00000010 00000010 00000001 00000010 00000001 00000000 00000000 00000001 00000010 00000000
00100100 00001000 00010010 00000111 00000110 00000001 00000011 00000110 00000001 00000111 00000100 00000011 00000100 00000011 00000010 00000010 00000010 00000010 00000001 00000001 00000010 00000001 00000001 00000010 00000001 11111111
00100000 00000111 00010010 00000110 00000101 00000100 00000000 00000100 00000101 00000111 00000101 00000110 00000011 00000011 00000010 00000010 00000010 00000001 00000011 00000011 00000001 00000000 00000011 00000001 00000001 00000001
00100011 00001010 00010011 00000111 00000011 00000011 11111110 00000000 00000010 00000011 00000010 00000011 00000001 00000010 00000100 00000011 00000010 00000010 00000011 00000010 00000010 00000010 00000001 00000010 00000000 00000001
00100000 00000111 00010010 00000110 00000110 00000010 00000000 00000001 00000010 00000011 00000010 00000100 11111111 00000010 00000011 00000001 00000000 00000001 00000010 00000010 00000010 00000011 00000011 00000001 00000000 00000010
00100011 00001001 00010100 00000110 00000001 00000000 00000001 11111111 11111111 00000000 00000011 00000101 00000011 00000011 00000011 00000001 00000010 00000001 00000001 00000000 00000001 00000010 00000000 11111111 00000001 00000001
00011111 00000111 00010001 00000010 00000011 00000000 00000000 00000100 00000001 00000000 11111111 00000001 00000001 00000100 00000010 00000010 00000010 00000001 00000001 00000001 00000011 00000001 00000000 00000000 11111111 00000000
00100001 00001000 00010000 00000100 00000100 00000011 00000000 00000010 00000010 00000000 11111111 00000010 00000010 00000001 00000000 00000010 00000001 00000010 00000011 00000010 00000010 00000011 00000000 00000000 00000000 00000001
00100010 00001000 00010010 00000110 00000001 00000011 11111111 00000011 00000010 00000001 00000001 00000100 00000010 00000010 00000010 00000010 00000001 00000001 00000001 00000001 11111111 00000000 11111111 11111110 00000000 00000000
00011111 00000101 00010000 00000101 00000010 11111111 11111110 11111111 11111110 00000001 00000000 00000000 00000000 00000010 00000000 00000000 00000000 00000000 00000000 00000000 00000000 00000001 00000000 11111111 00000000 00000000
00011110 00000100 00010000 00000110 00000001 11111111 11111101 11111110 11111101 11111110 11111111 00000011 00000010 00000000 00000000 11111111 11111111 11111111 00000000 00000001 00000001 00000010 00000000 11111110 11111111 11111111
00011110 00000101 00001111 00000101 00000001 11111111 11111111 00000011 11111111 00000100 00000011 00000010 00000101 00000011 00000010 11111111 11111111 00000000 00000001 11111111 00000000 11111111 11111111 11111111 11111110 11111110
00100000 00000101 00001111 00000101 00000010 00000011 11111110 00000001 00000001 00000011 00000001 00000010 00000100 00000001 00000010 00000010 00000010 00000010 00000001 11111111 11111111 11111110 11111111 00000001 00000000 11111111
00100000 00000111 00010000 00000110 00000010 00000001 00000001 11111111 11111101 00000000 00000100 00000100 00000010 00000011 00000011 00000001 00000000 00000011 00000001 11111111 11111111 00000000 00000001 00000000 00000010 00000001
00011111 00000111 00010000 00000100 00000000 00000001 00000000 00000010 00000010 00000000 00000001 00000001 11111111 00000010 00000010 11111111 11111111 00000010 00000010 00000000 00000001 00000001 00000000 11111111 00000001 00000000
00011110 00000011 00001111 00001000 00000010 00000010 00000000 11111111 11111110 00000000 00000000 00000100 00000110 00000011 00000101 00000010 00000011 00000001 00000000 11111111 00000001 00000001 00000000 00000000 00000010 00000000
00011110 00000110 00010001 00001001 00000011 00000010 11111110 00000100 00000100 00000100 00000011 00000101 00000101 00000011 00000011 00000010 00000010 00000010 11111110 00000001 00000000 00000001 00000001 00000001 11111111 00000001
00011101 00000110 00010100 00001010 00001000 00000110 00000001 00000110 00000101 00000100 00000001 00000010 00000101 00000010 00000010 00000010 11111111 00000001 00000010 00000000 00000000 00000010 00000010 00000010 00000000 11111111
00100010 00001001 00010001 00000111 00000100 00000100 00000011 00000110 00000100 00000011 00000100 00000011 00000010 00000000 00000010 00000011 00000001 00000001 00000011 00000010 00000001 00000010 00000001 00000000 00000001 00000000
00100011 00001001 00010010 00000101 00000000 00000001 11111110 00000000 00000001 00000010 00000010 00000100 00000101 00000100 00000011 00000010 00000001 00000001 00000010 00000011 00000001 00000000 00000001 00000001 00000000 00000000
00100110 00001010 00010011 00000110 00000001 00000010 11111111 00000001 11111111 00000001 00000000 00000011 00000100 00000100 00000011 00000001 00000000 00000001 00000000 00000001 00000010 11111111 00000000 00000010 00000010 00000001
00100010 00000111 00010011 00001000 00000100 00000011 00000000 00000001 00000001 00000011 00000010 00000100 00000010 00000011 00000010 00000010 00000001 00000010 11111111 00000001 00000001 11111110 11111111 00000001 00000000 00000000
00100010 00000101 00010010 00000101 00000011 00000011 00000001 00000010 11111110 00000010 00000011 00000100 00000010 00000011 00000010 11111111 11111110 00000001 00000000 00000001 00000001 00000010 00000001 00000011 00000001 11111111
00100001 00000100 00010000 00000100 00000010 00000000 00000001 00000001 11111110 00000001 00000001 00000010 00000010 00000010 00000010 00000001 00000001 00000001 11111111 00000001 00000000 00000000 00000001 00000010 00000000 00000000
00100000 00000101 00010100 00000111 00000001 00000000 11111110 11111111 11111111 00000010 00000001 00000010 00000011 00000010 00000001 00000000 00000000 11111111 00000000 11111111 00000000 00000000 00000001 00000000 11111111 00000001
00100000 00000100 00010010 00000100 00000001 00000000 00000001 00000001 00000000 00000010 00000010 00000100 00000011 00000000 00000000 00000000 11111111 11111110 00000001 00000000 00000001 00000000 00000001 00000010 00000010 00000001
00011111 00000011 00001110 00000110 00000001 00000001 00000000 00000101 00000000 00000100 00000001 00000011 00000011 00000011 00000000 00000001 00000010 00000010 00000000 00000001 00000001 00000000 11111111 11111110 11111111 11111111
00100001 00001000 00010011 00001000 00000100 00000001 11111111 00000001 00000001 11111111 00000000 00000010 00000000 00000010 00000001 00000000 00000000 00000000 11111111 00000000 00000000 00000001 00000000 00000000 11111111 00000000
00100100 00001001 00010101 00001000 00000101 00000010 00000001 00000100 00000011 00000011 00000010 00000011 00000010 00000001 11111111 00000010 00000011 00000001 00000001 00000000 00000000 00000000 00000000 00000000 11111111 11111111
00100100 00001001 00010110 00000111 00000100 00000011 00000001 00000100 00000100 00000100 00000010 00000011 00000001 00000010 00000001 00000000 00000001 00000010 00000001 00000000 00000000 00000000 00000001 00000001 00000000 00000000
00100010 00000111 00010001 00000101 00000011 00000011 00000011 00000010 00000001 00000100 00000000 00000010 00000001 00000011 00000100 00000010 00000010 00000010 00000001 00000001 11111111 11111111 00000001 00000000 00000000 00000001
00100011 00001000 00010000 00001000 00000011 00000001 00000001 00000010 00000001 00000100 00000001 00000010 00000001 00000100 00000001 00000001 00000001 00000100 00000000 00000000 00000001 00000001 00000000 00000001 00000011 00000011
00100000 00000100 00010001 00000110 00000001 00000000 11111110 00000000 00000100 00000011 00000001 00000011 00000100 00000100 00000010 00000000 00000000 00000011 00000001 00000001 00000000 00000000 11111111 11111111 00000000 00000000
00100001 00000111 00010100 00001000 00000010 00000001 00000001 00000010 00000010 00000011 00000010 00000011 00000100 00000011 00000011 00000010 00000000 00000001 11111111 00000000 00000000 11111110 11111101 00000000 00000000 00000000
00100100 00001001 00010011 00001000 00000011 00000001 11111110 11111110 00000000 00000011 00000010 00000010 00000100 00000100 00000010 00000011 00000000 00000000 00000000 00000000 11111111 00000000 11111110 00000010 00000010 00000000
00100100 00001000 00010000 00000110 00000001 00000000 11111110 11111110 00000000 00000010 00000101 00000110 00000011 00000100 00000011 00000010 00000100 00000011 00000001 00000001 00000001 00000000 11111110 00000000 00000001 00000000
00100100 00001001 00010010 00000100 00000000 00000001 00000000 00000001 00000000 00000100 00000101 00000011 00000100 00000100 00000011 00000001 00000010 00000011 00000001 00000000 00000001 00000001 00000000 00000001 00000000 00000000
00100101 00000110 00010000 00000110 00000001 00000001 11111110 00000010 00000010 00000010 00000001 00000010 00000010 00000001 00000011 00000010 00000001 00000000 00000000 00000000 11111111 00000000 00000001 00000011 00000000 11111111
00100001 00000100 00010000 00000110 00000011 00000100 11111111 11111101 00000000 00000001 00000010 00000100 00000001 00000001 00000001 00000010 00000010 00000001 00000001 00000000 11111111 11111111 00000000 00000000 11111111 11111111
00100001 00000111 00001111 00000101 00000010 00000010 00000010 00000010 00000011 00000011 00000000 00000100 00000011 00000000 00000010 00000000 11111111 00000000 11111111 00000000 00000010 00000001 00000000 00000000 00000000 00000000
00100011 00001010 00010001 00000111 00000011 00000011 00000011 00000001 11111111 00000000 00000001 00000010 00000101 00000100 00000100 00000010 00000000 00000001 00000001 00000000 00000001 00000000 00000000 00000000 00000000 00000000
00100010 00000101 00001111 00000101 00000010 00000000 11111100 00000010 11111111 00000001 00000000 00000000 00000001 00000000 00000011 00000010 00000100 00000011 00000011 00000011 00000010 00000001 00000000 00000000 00000001 00000001
00100001 00001000 00010001 00000101 00000011 11111111 00000001 00000101 00000000 00000010 00000011 00000010 00000000 00000001 00000101 00000011 00000000 00000000 00000000 11111110 00000001 00000000 00000000 00000001 00000001 00000000
00100000 00000111 00010010 00001001 00000100 00000001 11111111 00000100 00000011 00000011 00000011 00000100 00000001 00000010 00000010 00000001 11111111 00000000 00000000 11111110 11111110 00000001 00000010 00000001 00000000 11111110
00100000 00000101 00010100 00000111 00000000 00000010 11111111 11111111 11111110 00000010 00000001 00000011 00000001 00000000 00000000 11111111 11111110 11111110 00000000 00000000 00000001 00000000 00000000 00000000 00000000 11111111
00100100 00001001 00010110 00000110 00000010 11111111 11111110 00000001 00000000 00000011 00000011 00000101 00000010 00000001 00000000 00000001 00000001 11111111 00000000 00000010 00000010 00000000 00000000 00000000 00000000 00000000
00100100 00001000 00010011 00000101 00000100 00000101 00000100 00000110 00000100 00000011 00000100 00000101 00000100 00000010 00000000 00000010 00000010 00000001 00000001 00000000 00000001 00000001 00000000 00000000 00000000 11111111
00011111 00001000 00010010 00000110 00000111 00000111 00000011 00000011 00000100 00000011 00000110 00000011 00000001 00000011 00000010 00000011 00000100 00000010 00000001 00000010 00000010 00000001 00000001 00000001 00000000 00000000
00100011 00001000 00010010 00000111 00000111 00000011 00000000 00000011 00000001 00000010 00000010 00000001 00000011 00000100 00000001 00000011 00000011 00000011 00000010 00000010 00000000 00000000 00000000 00000000 00000000 00000001
00100000 00001010 00010010 00001000 00000101 00000101 00000001 00000001 00000001 00000001 00000011 00000011 00000100 00000100 00000011 00000110 00000100 00000011 00000010 00000011 00000000 00000000 00000001 00000001 00000000 11111111
00100011 00000111 00010010 00000101 00000011 00000101 00000001 00000011 00000100 00000011 00000010 00000100 00000011 00000001 00000010 00000011 00000010 00000100 00000010 00000010 00000000 00000001 00000001 00000000 11111111 00000001
00100011 00000110 00010011 00000100 00000011 00000101 00000001 00000001 11111111 00000010 00000011 00000011 00000101 00000101 00000011 00000010 00000011 00000010 00000001 00000000 00000001 00000000 00000000 00000000 11111111 00000001
00100010 00001000 00010010 00000100 00000001 11111111 00000001 00000000 00000011 00000011 00000100 00000011 00000010 00000010 00000010 00000010 00000011 00000011 00000010 00000010 00000001 00000010 00000010 00000001 00000000 11111110
00100011 00001011 00010100 00000110 00000001 00000000 11111110 11111110 00000010 00000010 00000010 00000011 00000010 00000010 00000011 00000001 00000000 00000001 00000000 00000000 11111111 11111111 00000000 00000001 00000001 11111111
00100100 00001000 00010001 00001001 00000010 00000001 11111110 11111111 00000010 00000011 00000010 00000011 00000100 00000010 00000100 00000001 00000010 11111110 11111111 00000001 00000000 11111111 00000001 00000000 00000010 00000001