17.029102 6.300127 5.228152 -0.692900 -0.067959 0.361037 0.563061 -0.058121 0.031289 0.529932 1.693858 1.796207 0.999552 0.536558 0.594964 1.052099 0.474308 0.523982 0.850757 0.768658 0.975221 0.551547 0.288079 0.794003 0.351763 0.462357
18.721190 5.765368 3.450567 -1.292833 -0.338661 0.882033 0.653579 0.728474 0.294884 0.643112 0.600718 1.661339 1.142518 1.021802 1.393083 1.286389 0.323147 0.215864 1.250194 1.402851 0.785414 0.538851 0.247426 0.109721 -0.066929 -0.072543
17.016672 5.086415 4.241170 -1.157486 -0.582847 0.748814 0.701326 1.291326 1.455138 0.560849 0.858893 1.752424 1.099898 1.121158 0.913587 0.917054 0.017806 0.654944 0.941092 0.025875 0.111800 -0.097439 -0.191928 0.281478 0.575915 0.124750
17.423842 4.657988 4.632656 -0.655043 0.580802 1.863648 1.151514 1.011338 1.159910 0.298970 0.233160 0.831177 0.673163 0.495414 1.585746 0.825372 -0.067799 0.039138 0.073455 0.400038 0.729647 -0.260674 -0.729888 0.262106 -0.064020 -0.094082
17.662252 3.823282 4.034815 -0.803214 0.843502 1.978856 2.332887 0.857530 0.497014 -0.003988 0.550515 1.020843 1.171929 0.215416 0.905847 2.097739 0.661704 0.014396 0.574683 0.972038 0.641308 -0.049205 -0.491582 -0.044096 -0.082878 0.191833
18.592287 2.793885 5.032929 -0.662234 -0.419398 1.473126 1.342439 0.573570 -0.406445 -0.509097 0.498631 -0.007737 1.638531 0.872299 0.571633 0.291657 -0.898702 -0.545665 0.189848 1.133242 1.285204 0.850825 -0.285945 0.694193 0.062473 0.439194
16.734734 3.976734 5.336569 0.536844 0.146724 1.446402 1.426546 0.276020 -0.747965 -0.004156 1.055623 1.030306 0.623571 0.784213 0.805340 1.334485 0.279892 -0.112962 0.416029 0.954581 0.159310 0.444033 0.498688 0.525792 0.098344 -0.393272
14.135290 3.663790 5.605667 0.058683 0.302268 1.645207 1.841632 0.076093 -0.758391 -0.569408 0.291419 0.283122 0.613746 0.977433 0.574040 0.890396 0.036886 0.983039 0.938340 0.848449 0.096570 -0.257597 0.367167 0.233554 0.091027 -0.432034
16.235000 4.323468 4.709182 -0.099796 0.981756 1.067114 1.751175 0.470698 -0.223962 -0.802934 -0.199306 0.455125 0.575617 0.532745 0.397495 -0.142420 -0.106228 -0.098922 0.669381 0.217214 0.591039 0.476651 -0.061184 -0.177264 -0.179478 0.289160
16.190121 4.691747 4.547478 -1.029317 -0.429416 -0.460603 1.012669 0.433280 -1.227216 0.062027 1.058003 1.294817 1.091212 0.754333 1.383548 0.628782 0.911117 0.757309 0.430595 0.696407 0.451766 -0.080130 -0.612882 -0.161494 0.251063 0.219834
15.679450 4.203898 6.067870 -1.026335 -0.007127 0.420845 0.600789 0.418719 -0.446908 0.872689 1.051455 1.086283 0.700439 0.733943 0.464638 0.299617 0.113639 0.569779 0.522775 0.613731 0.182228 0.082873 -0.183698 0.034139 -0.325744 0.280907
14.674248 3.582731 5.585625 -0.327568 0.718443 0.972016 0.694832 0.198850 0.944871 1.180742 0.083236 0.619586 0.416262 0.006339 0.762327 0.198683 -0.361939 0.721696 0.332366 1.083110 0.599951 -0.116905 -0.390317 -0.318827 -0.419442 -0.069026
14.216275 3.264906 5.554730 -0.258504 0.841060 0.749732 0.352990 0.902610 0.015733 0.128236 -0.092664 -0.035777 -0.362396 -0.206367 0.607133 0.706624 0.662376 1.128200 1.002180 0.640533 1.413841 0.285119 -0.730857 -0.576771 -0.015840 0.051429
16.004557 3.973802 5.764378 -0.583481 0.570937 1.630874 2.275886 0.916197 -0.025907 0.681504 0.195024 0.712109 0.403382 0.114298 0.617997 0.564068 0.284364 0.893749 1.028040 0.245876 0.716874 0.170152 0.080407 0.116966 0.002179 0.371244
15.624976 3.085570 6.566644 -0.061982 -0.331204 1.848612 2.369605 1.393229 -0.131606 -0.096862 0.612253 1.480627 0.921218 0.101007 -0.008738 0.024744 0.105659 0.092083 0.512903 0.790438 0.268571 0.145478 0.102019 0.319281 -0.098757 -0.034434
13.659945 2.340017 5.583327 0.324061 0.535915 1.741088 1.701224 0.925839 0.033219 -0.457131 0.780451 1.038593 0.098255 0.307106 0.796660 1.189045 -0.065880 -0.302649 0.064369 0.519630 -0.051166 0.534157 0.497314 -0.165576 -0.068762 -0.117697
14.397792 3.165759 5.460772 1.107452 1.827022 1.665844 0.534422 0.157523 -0.176418 1.529732 1.805034 2.666367 1.013610 1.077869 1.064808 0.631648 1.219910 0.284869 0.327104 1.257009 0.434418 0.275103 -0.008621 -0.337757 -0.348652 -0.047170
15.042352 5.037627 6.202364 0.751461 0.848346 1.379752 0.111083 0.158693 0.528755 1.702970 1.183047 1.576696 1.213813 1.630632 1.572273 1.475024 0.613428 0.337607 0.333028 0.823507 -0.126211 0.668348 -0.066611 -0.100459 -0.187163 -0.173463
15.510823 4.663402 5.285256 0.080758 0.994402 2.175111 1.746417 0.784872 -0.094913 0.206878 0.377641 -0.257626 0.320899 1.768478 1.575143 0.108039 -0.018073 0.731765 0.800094 0.316220 0.351072 0.357102 0.214998 0.106256 0.534950 0.033435
13.809691 3.704650 5.392432 1.174346 0.906801 2.185093 2.286192 1.402838 0.227927 0.996805 -0.550654 -0.140344 0.776930 0.971978 1.246451 0.739234 0.065904 0.038928 -0.504410 0.092658 0.220946 -0.047159 -0.054896 0.218347 -0.152945 -0.090008
12.905434 3.704011 4.518029 0.573981 1.879123 3.177988 2.328404 1.533715 0.290015 0.279345 0.599609 0.914347 1.055484 1.279809 2.075735 1.664022 1.011528 0.870667 1.080587 0.565213 0.381798 0.501110 0.512289 -0.004994 0.269035 0.346132
14.274117 3.435446 5.357379 0.604302 0.345175 1.048301 1.618879 1.257258 -0.121685 -0.238781 1.136643 1.937850 2.182393 2.128197 0.947882 1.494292 1.515509 1.680274 1.480752 1.211931 0.158356 0.255025 -0.459228 0.366303 0.459658 0.188495
14.256968 3.615085 5.051919 0.248803 1.482271 0.909763 0.388929 0.285285 0.006416 -0.202321 0.506788 0.564128 0.318272 1.428676 1.395762 0.599186 0.990095 0.465609 0.560615 0.486085 0.675246 0.007386 -0.212861 0.607006 -0.239544 0.338648
14.995559 3.394906 5.001605 0.676224 0.573053 1.094485 0.474582 0.917344 0.483112 0.710684 1.648271 1.492358 0.712324 1.588297 1.483316 0.965094 0.537166 -0.288609 0.197845 0.085127 -0.417787 -0.091937 -0.186023 0.228694 -0.066836 -0.365330
13.518947 1.997493 4.774709 0.213085 0.114394 1.564271 1.076805 0.513712 -0.052348 0.496433 0.564105 1.380299 1.327603 1.115850 1.027298 0.458126 -0.781752 0.101921 0.409153 -0.369573 0.541003 -0.260910 -0.085183 0.521394 0.369628 0.308417
13.023508 2.597587 5.614929 0.880781 0.461189 0.918793 0.531635 0.598419 0.338468 0.650984 1.687036 0.936840 1.322038 1.236250 0.574697 0.037399 0.313824 1.125703 0.215882 -0.730794 0.447593 0.386947 0.461106 0.038179 -0.039219 0.299484
13.394475 3.229226 5.727871 1.402670 0.564003 0.598903 1.005251 1.753466 0.437617 0.660046 0.986390 0.689958 1.049789 0.761152 0.586301 0.815426 0.774670 0.210595 0.111337 0.311184 0.010672 0.504379 0.486998 -0.042588 -0.051475 0.490180
13.117491 2.857196 5.813677 2.232319 1.146049 0.698698 0.178214 1.619141 0.618515 0.822414 1.004877 1.023133 0.621297 0.843314 0.978390 0.653430 0.394548 0.188273 0.011970 0.682408 -0.006461 0.651396 0.201822 0.147441 0.317976 0.630862
14.150513 2.523057 6.202815 1.116919 0.855114 0.402911 0.899868 1.542371 0.557169 -0.454065 0.435658 0.653217 0.528744 0.654508 0.859697 1.225947 1.139805 1.511241 0.882231 1.010753 0.740517 0.386705 -0.039730 -0.049806 0.532779 0.601029
14.003046 3.310771 5.393504 0.329123 -0.167626 0.695891 1.395465 1.209240 0.331989 0.142201 0.155177 0.889257 1.289545 0.783948 0.936261 0.762366 1.205916 1.143200 0.796011 0.438063 0.977769 0.899894 -0.045191 0.415587 0.073288 0.040665
13.312129 2.219344 5.225166 1.135312 0.221810 1.585281 0.899095 0.765291 -1.129139 0.395348 0.705242 0.903498 1.147988 1.300441 1.575624 0.694193 0.833280 0.475712 0.650829 0.855751 0.304478 -0.018784 0.020333 0.112443 0.214317 -0.103679
13.548144 2.871142 5.914088 1.108806 1.022895 1.152311 0.150456 0.927143 0.563134 0.754028 0.836628 1.729833 1.425433 1.359488 1.222405 1.278219 0.907522 0.211340 0.138644 0.006621 -0.413226 0.301606 0.269637 0.243306 0.241974 0.078554
13.855102 2.770867 5.832397 0.579777 1.194539 0.741919 0.832716 2.084258 1.049290 0.852768 -0.056469 0.667657 0.488436 -0.023173 -0.183647 0.107695 -0.019555 0.252370 0.064008 0.640732 0.327103 0.632573 0.267978 0.131902 0.275122 0.315563
12.974969 2.518712 5.377685 0.686769 -0.150811 0.017631 -0.755150 -0.497529 -0.984660 0.082535 0.394725 -0.000207 2.023777 1.584116 0.255292 0.522482 0.746213 0.715718 0.366870 0.435580 0.367262 0.158969 -0.045987 0.866314 0.333096 -0.048560
12.777406 2.901763 5.694436 1.407484 0.241920 -0.102564 0.852024 -0.037904 0.038154 0.048340 -0.078440 0.944676 0.704253 0.648942 0.529083 -0.130260 0.067348 -0.101492 0.456099 1.095658 0.308538 0.338073 0.436341 -0.081104 -0.028650 -0.120701
12.480881 1.377532 4.297206 1.290580 1.436122 0.864555 0.177223 0.790901 0.159831 0.731251 -0.049725 0.302667 0.379701 0.332963 -0.124182 0.166962 0.194970 0.268267 0.108222 0.687493 -0.034674 -0.137332 -0.060684 -0.493836 0.042435 0.249490
11.968770 1.280647 6.709818 1.265765 0.927520 1.169113 0.243195 0.081522 0.050217 0.006202 0.467904 0.307183 1.425180 1.408586 1.308657 1.177364 0.859510 0.753099 0.503426 0.269387 -0.045574 0.338446 0.686684 0.446446 0.143588 0.031800
11.782207 1.884689 5.062437 0.953795 2.238192 1.982638 1.014701 1.114679 0.073944 -0.121765 0.356953 0.111669 0.774863 1.475408 0.805785 0.967949 0.281973 0.557211 0.419556 0.291678 0.054453 0.007617 0.723420 0.747435 -0.108955 0.855326
12.677112 2.407399 5.002639 0.776432 1.088830 0.820684 0.614814 1.877280 0.392060 0.514885 0.249153 0.203362 1.365805 0.541733 0.170761 0.379636 0.421494 1.028135 0.789299 0.196877 0.205858 0.163101 -0.168712 0.388399 -0.138908 0.351364
12.900447 1.574825 6.046513 2.577159 0.928241 -0.392967 -0.885876 0.818192 1.215997 1.578742 0.856495 1.232198 1.614498 1.631056 1.903163 1.118110 0.660316 1.078178 0.517174 0.611339 -0.035633 0.620165 -0.245108 0.593600 0.167869 -0.062252
14.046007 2.648597 6.609297 2.296309 0.084808 0.352559 -0.077437 0.571642 -0.160563 0.555491 0.783034 1.470581 1.563241 1.892264 1.154153 1.002328 0.015221 0.605828 0.167098 0.337459 0.192659 0.717163 0.074606 0.773668 0.082357 -0.012960
12.924925 2.053632 6.058000 2.297642 1.881061 0.849523 0.107950 0.322924 0.155430 -0.315193 0.570700 1.126254 1.174453 2.089655 2.144954 1.205731 0.201826 0.235330 0.063932 0.552535 0.357417 0.374353 0.110719 0.147711 0.494247 0.107172
13.131861 2.263572 5.819228 1.269923 1.341944 0.721848 0.828661 1.221975 -0.109467 -0.945842 0.016516 -0.001872 0.803032 1.334777 1.326074 1.147666 0.154312 -0.280668 0.175305 0.408181 -0.190391 -0.153320 0.360885 0.527581 0.355863 0.509386
12.420959 2.643507 7.214661 2.595392 1.038229 -0.057687 -0.870775 -0.123999 -0.443856 -0.332575 0.050160 -0.092282 0.024653 -0.211752 0.160909 0.324940 -0.042365 0.177985 0.467547 0.453942 0.013840 0.154899 0.186083 0.272042 -0.166694 0.179249
12.666581 2.358842 6.179436 1.885115 1.085557 0.530226 -0.013796 0.203966 0.528719 0.311198 -0.274449 0.222050 -0.096978 0.732485 0.196452 0.003233 0.078142 0.278237 -0.315019 -0.174473 -0.164920 0.456624 -0.471952 -0.516528 -0.270013 -0.051869
12.749832 2.240121 6.452048 2.502256 0.459545 1.014930 0.791981 0.393681 0.381874 1.374083 1.621877 1.251691 0.837006 0.597023 0.804625 0.579041 -0.268111 -0.200520 0.144675 0.011064 0.273412 0.442221 -0.308840 -0.368257 -0.145712 0.218391
13.155499 2.390707 6.887752 2.001015 0.499579 -0.222454 0.158379 0.840548 0.179517 0.487255 0.512911 0.532124 1.214418 1.553473 0.490231 0.441034 -0.064257 0.752528 0.530887 0.443423 1.070535 -0.018862 -0.316148 -0.238829 -0.358764 -0.201566
12.852224 1.571859 6.734638 2.039444 2.086954 0.360416 -0.117410 0.537612 0.063428 0.554463 0.847650 0.455456 0.392002 1.960327 0.502917 0.615730 0.042658 0.305812 0.947491 0.601712 0.387686 -0.233954 -0.290677 -0.196063 0.186522 0.124873
12.024577 2.324077 5.363600 1.895850 1.153825 1.065362 0.489640 1.006834 0.099900 0.133985 -0.033690 -0.175638 -0.258316 0.230927 0.203860 -0.306847 -0.040758 0.571345 0.653969 -0.500779 -0.313711 -0.363667 0.091879 0.558245 0.396924 0.352777
12.468604 3.149535 6.472824 1.934036 1.586120 0.975770 1.355877 0.797459 0.336988 0.691669 0.167132 0.570422 0.773229 1.086674 0.662947 -0.542158 -0.203169 0.514295 0.294962 0.273618 0.148543 0.810805 0.559116 0.267196 -0.020844 -0.230840
12.724062 3.178631 7.283614 2.284111 0.672080 0.981640 0.965202 1.483492 0.938151 1.202924 0.541662 1.192685 0.776138 0.768469 1.329831 0.821698 -0.156013 0.314097 0.639735 0.862264 0.100459 0.465274 0.739188 0.826482 0.525376 0.022158
12.581848 3.219975 6.406382 1.557758 0.631718 0.668857 0.901354 0.625084 0.906650 0.588395 0.869090 1.877282 1.936138 1.691146 1.139164 1.200577 0.960511 0.728711 0.457687 -0.006535 0.564378 0.259431 -0.169901 0.101274 -0.089257 0.289475
12.906059 3.202478 6.851544 2.779224 0.563805 -0.416829 0.607186 0.228808 0.392307 1.050512 1.287498 1.695107 1.503985 1.107177 1.043124 1.042913 1.306592 0.733039 0.421411 0.844597 0.628105 0.286714 -0.220385 -0.523676 0.240268 -0.056301
12.595582 1.778559 5.528822 2.697080 1.493229 2.112720 0.734343 0.791569 -0.708657 0.692614 0.881251 1.144035 1.029272 1.044388 1.124903 0.849662 1.044596 0.734212 0.280161 1.343342 0.567797 0.815283 0.548381 0.980317 0.312129 -0.204428
12.485899 1.730750 6.582715 2.072110 1.399571 -0.789358 0.010848 0.546694 0.472959 1.160046 1.102193 0.638032 -0.116290 0.883561 1.540777 1.434581 0.528276 0.730416 0.559770 0.972761 0.725040 0.375176 -0.326231 -0.091111 -0.196748 0.081024
12.883355 2.247696 5.775599 1.735686 0.851766 -0.172309 -1.006285 -0.723167 0.162483 1.069035 0.255434 0.932635 0.877223 1.563703 1.430884 0.851799 0.039748 0.208717 0.745031 0.361938 -0.163120 -0.328968 -0.250149 0.066462 0.133031 -0.070839
13.026164 2.090790 5.119185 1.512428 1.790996 0.428206 -0.221816 -0.071797 1.201823 1.056548 0.454863 1.690863 0.934106 1.547632 1.128961 1.116923 1.373837 1.059045 0.948580 0.317878 0.454869 0.567179 0.608494 0.060475 0.082699 0.167348
12.762647 1.309895 5.999288 1.333491 0.824199 0.470390 0.299458 0.179373 0.768361 1.037448 1.045812 0.763157 1.488393 0.937669 0.710742 0.931955 1.110381 0.915439 1.363046 0.923064 0.968476 0.525361 0.169466 0.287335 0.214708 0.282234
13.119272 1.006158 5.602887 2.096945 1.416447 0.519201 -0.174502 0.865814 0.312063 0.954474 1.231573 1.785652 0.805227 -0.156995 0.383077 0.408717 0.640165 0.700885 0.586361 0.690756 1.062494 1.027466 0.467849 0.955976 0.269041 0.091272
13.694521 1.701425 5.086390 2.378992 1.580755 1.896967 0.413552 0.682510 0.089688 -0.321529 0.632043 0.935254 0.564203 0.695065 -0.026364 0.400054 0.326586 -0.136325 0.974906 0.930336 0.403352 0.469060 0.227732 0.067213 0.524041 0.918490
13.549983 2.413404 6.742371 3.047497 2.140880 0.665512 -0.393453 0.282822 0.215656 -0.070788 0.287772 1.142321 1.067879 -0.308273 -0.121933 0.645666 1.088747 0.672618 1.151842 1.175634 0.305219 0.147242 0.100383 -0.020175 -0.398492 0.128616
13.285497 2.741831 6.780621 1.583492 1.303867 1.532200 0.337154 0.098905 -0.189699 0.448352 1.254779 1.681003 1.428203 1.378377 1.017900 0.504848 0.535278 0.814398 1.070886 0.944782 0.561857 0.740881 0.023894 -0.171150 -0.496099 -0.519313
13.914490 2.137575 6.215663 1.753340 1.502803 1.551981 0.388603 -0.805175 0.741205 0.776234 0.626704 1.810497 1.264723 0.862419 0.674358 0.964021 0.789454 0.947057 0.111212 0.371827 -0.291333 0.063114 0.219181 -0.389948 -0.491556 -0.189738
12.622142 1.870566 6.650325 1.265486 0.561868 0.391385 0.120371 -0.788289 -0.716652 0.687907 0.569781 1.268954 1.107436 0.130724 0.426392 0.737767 0.760931 0.891263 1.007417 0.497431 -0.500677 0.048671 -0.128912 0.347561 -0.288563 -0.131150
12.699243 2.309041 4.818204 1.203213 1.214293 0.708280 0.198626 0.521458 -0.008047 0.029456 0.383131 1.056344 0.994180 0.944415 0.899627 1.002850 -0.362758 0.134775 0.363985 0.613607 0.455013 0.062519 -0.283354 -0.133782 -0.662199 -0.436355
13.234126 1.778226 4.889876 0.173522 0.250064 -0.036395 0.171588 1.131467 0.591278 0.927450 0.988444 1.540546 1.454979 0.945514 1.440359 0.755094 0.444777 1.160786 0.323877 -0.140947 0.179417 0.067337 0.083857 -0.133867 -0.637316 -0.118067
11.960138 0.984450 5.972086 2.265362 0.976982 0.674954 -0.077415 0.209058 0.728881 1.485405 1.021376 1.789814 1.414428 0.866151 0.806641 0.563669 0.688929 1.358733 1.051490 0.395169 0.781776 1.160121 0.717526 0.240988 -0.108231 -0.196040
12.859854 3.205637 6.831227 3.091747 1.298764 0.954383 0.447960 1.016176 0.182086 1.549868 0.696104 1.204931 0.976579 0.625989 0.477005 1.126725 1.557280 1.079016 0.623136 0.464772 0.589198 0.158725 -0.344989 0.358704 -0.111028 -0.561351
12.247177 2.443479 6.050497 2.600317 1.800675 1.294673 0.967802 0.495937 0.254865 1.358341 0.711302 0.754539 1.540638 0.137260 0.589867 0.958561 0.775145 0.876615 0.863015 1.010204 0.510990 -0.402387 -0.112154 0.268716 -0.001103 0.369384
12.093690 2.329631 6.548665 2.117993 1.399404 0.429078 0.100745 0.413604 0.280271 1.220968 0.384615 -0.109844 0.729619 0.233044 1.010054 0.775351 0.426901 0.358731 0.290955 0.545569 0.379697 0.285001 -0.224376 0.121642 0.222418 0.315786
12.963515 2.888786 6.418096 2.028487 1.436494 0.397905 -0.306008 0.203650 0.301578 0.399603 0.236411 0.740941 1.431372 2.040338 1.178015 0.587676 0.723122 0.716159 0.619504 -0.006746 0.113432 -0.084342 0.183843 0.648663 -0.238353 0.160473
11.679812 0.966089 5.957521 3.076819 1.550684 0.017311 0.044657 0.073032 0.167159 0.622519 0.817456 1.652660 1.766474 1.494072 1.224741 0.767333 1.277589 0.742387 0.380667 0.082140 -0.122232 0.493086 0.487815 0.689480 0.691302 0.046850
11.564384 1.270607 6.805933 3.045962 1.398888 -0.617584 -0.513851 -0.019844 -0.420567 0.619347 0.639483 0.358876 0.673831 0.936142 0.697610 1.214117 1.149805 1.236270 0.455649 0.356375 0.486516 0.835049 0.863615 0.285842 0.103953 0.070585
13.040522 1.902787 6.693496 2.086985 1.363633 -0.769751 -1.799200 -0.014771 -0.454067 1.170865 0.808663 -0.014225 0.099412 0.531540 0.646952 0.346366 0.382155 -0.111725 -0.355147 -0.602740 0.517472 0.805842 -0.113951 0.068762 0.109343 0.482030
12.261709 1.681384 7.476616 2.383786 1.378957 0.587734 -0.081851 1.069760 -0.139276 0.002745 -0.011411 0.022458 0.332596 0.590776 0.413379 0.415214 0.112444 -0.424642 -0.799655 -0.310679 0.017093 0.226466 -0.453915 -0.174534 0.145035 0.416741
12.704615 2.237491 6.508543 2.101897 1.086434 0.148427 -0.191579 -0.530186 0.864988 0.780044 0.519966 1.268853 0.688377 0.842517 0.206497 0.617667 0.481704 -0.299537 -0.176091 0.079257 0.097619 0.648868 0.080185 0.365780 0.239165 0.189922
12.950850 3.404267 6.170354 2.219351 1.977488 0.110459 -1.160655 -0.355881 0.183248 0.859742 1.067917 1.704868 1.132852 1.161544 0.687793 0.912096 0.902128 0.429631 0.992535 0.351982 0.750781 0.889026 0.266168 0.492524 0.420768 -0.069704
11.956901 2.752062 6.677890 2.095665 1.595472 -0.279550 -0.850189 -0.190461 1.096969 1.362941 1.178344 1.278839 1.545647 1.639850 1.028169 1.024988 1.528611 1.439618 1.461376 0.078140 0.148900 0.130524 0.563642 0.716176 0.292570 0.797218
13.393059 1.849890 5.860203 1.709760 0.701413 0.563369 0.769275 1.157511 0.770968 1.380570 1.215410 1.069507 0.344583 1.022317 0.428466 0.500981 0.357031 0.584458 0.140337 0.400597 0.064873 -0.154892 -0.569347 -0.139915 -0.231129 0.083001
12.904490 2.439257 6.186265 2.151222 0.705402 0.689023 0.379882 0.782644 1.596650 0.952208 1.026300 1.301057 1.258041 1.542040 0.718350 0.689120 0.667824 0.914556 0.477617 0.386704 0.957150 0.518088 0.017142 0.585946 0.045983 0.247489
12.507935 2.612733 6.551160 1.858373 1.202451 0.730752 0.834809 1.772703 1.375571 1.854518 1.196913 0.500901 0.758334 1.259917 -0.091300 0.842761 0.682505 0.878421 0.573798 0.829990 0.527732 0.761709 0.831381 0.338187 0.550437 0.354601
12.873981 2.671042 7.150127 2.335015 0.759219 0.201895 -0.152449 0.343463 0.948488 1.244666 0.864611 0.877268 0.435361 0.850803 0.585375 0.436710 0.511426 0.241933 0.106640 0.563944 0.582473 0.133587 0.045402 0.403240 0.109245 0.102881
13.103081 2.708451 7.089322 2.400041 1.622503 -0.041940 0.200029 0.325568 1.611903 1.548641 0.297110 -0.085699 0.071440 0.249446 0.387177 0.849494 0.989920 0.897698 0.504309 0.873833 0.533475 0.045523 0.245525 0.285759 0.382555 -0.018553
12.426877 3.772055 6.394944 1.930220 0.415871 0.035141 0.306589 0.626130 1.327534 0.443632 1.185451 1.021073 1.440009 1.156341 1.554614 1.062988 0.003866 0.238970 0.464455 1.638966 0.880333 -0.525536 -0.344464 -0.367258 -0.244350 0.160786
14.580812 3.643957 5.539129 1.505027 1.075745 0.828959 0.952533 1.292133 -0.873606 -0.153860 2.093635 1.820588 0.755848 0.890069 0.872466 1.524800 1.341590 1.112409 1.231664 0.958534 0.784570 -0.330833 0.156731 0.184520 -0.179464 -0.417375
13.710829 2.721355 5.691604 3.031330 1.758259 2.244806 1.923148 0.993208 0.077183 0.339695 0.734606 0.901445 0.917225 0.481048 -0.300153 0.249639 0.821688 0.750805 0.139227 0.343468 0.602971 0.132467 0.720469 0.416355 -0.033708 -0.072357
15.035972 2.732112 4.663293 1.057233 0.957539 2.556355 2.244830 0.959113 -0.440183 0.125337 1.880820 1.858302 0.706162 1.299392 0.642213 0.904578 0.967257 0.607211 0.049301 0.627186 0.678499 0.864318 0.917538 0.290086 -0.208098 0.002269
14.947759 3.392813 5.344237 1.513558 1.469749 1.552247 1.521426 0.734323 0.053085 1.089699 1.928589 2.922802 1.943642 1.104751 -0.144143 1.106343 0.885981 1.118204 0.149412 0.931561 0.965220 0.955901 0.799746 0.637449 0.135231 -0.038476
13.453308 2.718229 6.368540 2.937630 1.910386 0.999937 1.685841 1.325570 1.077661 1.103087 0.480033 1.384798 1.028219 0.858524 0.465713 1.039327 1.026667 1.211872 1.013685 1.256593 0.774906 0.474893 0.599062 0.209559 0.065367 0.384990
13.479077 2.444331 6.634348 2.087091 0.730945 0.176955 0.232928 -0.166104 0.605844 1.456774 1.429202 0.979159 1.007503 1.382546 1.196484 0.486225 0.788941 0.983438 0.697042 0.824233 0.118941 0.119712 0.035396 0.335186 -0.157433 -0.034513
15.017686 -0.460978 6.002464 1.609973 1.268893 0.761486 1.475113 1.286803 0.798193 2.129198 0.140617 1.637883 0.792660 2.043284 0.780191 0.945719 0.517416 0.682942 0.300684 0.509201 0.059130 0.849697 0.432433 0.642457 0.224110 0.032065
15.659089 2.524758 7.451677 1.655240 1.728152 0.548424 0.365011 -0.116591 0.111644 1.374415 0.541624 2.320501 1.560780 1.460349 -0.388533 0.614793 0.462303 -0.034910 0.221025 0.638279 0.261663 0.858332 0.071401 0.222933 -0.194716 -0.356592
16.496563 3.208058 5.904416 1.677514 1.261347 2.120677 1.410897 0.734865 -0.368669 -0.137795 0.573535 1.865648 0.844596 1.147116 -0.106951 0.417346 0.761953 0.515985 0.066640 0.128389 0.005644 0.726871 -0.048195 -0.551116 -0.450301 -0.607174
14.910934 1.360991 4.850695 1.888179 0.366217 0.572955 0.766637 1.492879 1.380199 1.041296 1.345447 2.629512 1.103080 1.606692 0.218725 0.377811 0.871579 0.032765 -0.011033 0.069095 -0.526766 -0.450237 -0.793496 -0.311678 -0.502337 -0.294236
13.669314 4.555300 6.818815 2.477103 1.427996 0.255802 0.266967 0.022888 0.003843 0.749276 1.446151 2.124937 1.374839 1.368452 0.585475 0.578946 0.711011 0.415153 0.670795 0.146773 -0.296035 -0.326153 0.174469 -0.000757 -0.673176 0.237802
13.662091 3.855338 6.870544 1.898982 1.924977 1.400172 0.672620 0.401230 -0.293583 1.436378 1.899866 1.679852 0.780028 1.834556 0.736001 0.032197 0.933408 1.144761 0.680782 0.496364 -0.147557 -0.307825 -0.431309 -0.541646 -0.727066 -0.484122
14.227023 3.629432 6.836355 2.068173 1.387249 1.289861 -0.072904 1.034135 -0.099390 0.663057 1.230677 1.806865 0.930793 1.492818 1.181961 1.025800 1.460668 1.352942 1.001697 0.344937 -0.047081 0.319643 0.298799 0.114062 0.087809 -0.268909
13.912072 2.382976 6.003358 1.877966 0.836559 0.420533 0.429017 0.882756 1.072503 1.230869 0.868913 1.384236 0.906923 0.810645 0.882064 0.286367 0.637121 0.962649 0.665367 0.237305 0.449624 0.675394 -0.022539 0.884762 0.178072 -0.101637
14.945377 2.089281 6.786010 2.701715 0.122939 0.760139 0.618558 1.149179 1.464874 1.033504 0.473225 1.326811 0.957705 0.948691 -0.024580 0.434447 0.761888 0.439611 0.151274 0.402448 0.206672 0.595356 0.199738 0.352443 -0.194213 0.643540
12.543719 2.292513 5.482537 1.940209 0.581335 1.156932 1.258441 0.304263 0.143377 1.776181 2.095623 1.558560 1.862571 1.332386 0.830334 1.732268 0.571216 0.067923 0.609595 0.748505 0.384509 -0.444258 -0.249174 0.800646 -0.064812 0.183278
11.722509 2.871022 5.389651 1.252588 0.405082 0.964894 -0.049690 -0.089664 0.286412 0.900470 0.824341 0.274639 0.788829 0.889867 0.703439 1.157185 1.032404 0.588444 0.632981 0.430407 0.003604 -0.340669 -0.015944 -0.492217 -0.590280 -0.177128
12.577925 3.362839 6.440720 2.126964 0.027776 0.519228 -0.690174 -0.470445 -0.269650 0.451653 0.771500 0.853193 0.817346 0.871341 1.127557 1.508918 0.229643 0.370890 0.448803 0.266712 -0.304334 -0.265011 0.078614 -0.202300 -0.376119 0.436118
14.024129 3.627746 5.751663 2.378922 1.110548 0.779544 -0.458838 1.371811 0.457581 1.037845 0.642890 0.992846 0.708871 0.518179 0.519910 0.978416 0.691928 0.229636 0.471428 0.800166 -0.060960 0.136191 0.455143 0.001342 -0.015095 -0.057793
12.306129 4.068178 6.368479 1.465658 1.220036 0.520068 -0.848076 1.701004 -0.210176 0.191940 0.311330 0.716993 0.968714 1.243064 0.435560 0.579720 0.640681 0.510629 0.258379 0.617842 0.254734 0.277700 0.508438 0.553567 -0.111598 -0.151139
11.785413 3.143967 6.169992 1.533055 1.410290 0.357868 -1.013484 0.624780 1.182450 0.888484 0.520743 1.022553 0.815780 0.657209 0.727020 1.260325 0.708729 -0.377893 -0.265175 -0.252190 0.135912 0.043002 -0.374156 -0.259756 -0.189823 -0.468718
12.420001 2.465718 7.010752 2.193051 0.872910 0.780621 0.253070 0.035380 -0.041743 1.722970 1.431040 1.764770 1.019899 0.813667 0.508739 0.459631 0.005299 0.429211 0.904650 0.071755 -0.107433 0.314955 0.063168 -0.098899 -0.283288 0.036145
12.137100 3.390657 6.707851 2.655408 0.451672 0.728863 1.114377 0.337509 0.394470 1.401658 1.943967 1.742777 0.554566 0.793433 0.473495 0.958217 1.206377 0.286468 0.241508 -0.008720 0.047239 -0.026161 -0.327212 0.115810 0.267286 0.785251
12.050464 2.748574 6.379086 2.548074 0.098683 -0.281003 0.873773 1.620826 1.457363 1.723714 2.328615 1.990210 1.312938 1.448363 1.874979 0.425357 -0.112608 0.632607 0.051424 0.372619 0.334846 -0.163427 -0.398550 0.097160 -0.305897 0.274954
11.996600 3.112440 7.363195 1.905188 -0.374902 0.443160 0.017961 2.135445 1.508171 1.462198 1.663497 1.773478 0.840299 1.258745 1.363960 0.366350 -0.302577 -0.308993 0.051490 0.277684 -0.098727 -0.093154 0.109490 -0.168027 -0.455945 -0.062236
12.147931 2.778209 6.426598 2.461787 1.247621 -0.398936 -1.960543 0.350555 0.704768 1.398655 0.486927 1.504005 0.798589 0.721489 0.618327 0.766754 0.535722 -0.072821 0.755083 -0.152027 -0.038162 0.973822 0.664780 0.038517 -0.354665 -0.153204
12.777853 2.790004 6.307234 1.490909 0.440726 0.877920 0.450281 0.268342 -0.177195 1.308409 1.168910 0.822819 0.349404 1.165190 1.527069 0.855589 0.601635 0.873224 0.623392 0.238458 0.537949 0.471031 -0.187664 0.552601 0.149296 -0.155379
13.121491 3.956800 7.418891 2.341356 1.702460 1.035910 1.276266 0.972781 -0.893696 0.034376 0.533926 0.896391 1.040141 1.091243 1.523270 1.651775 0.778209 0.343637 0.320542 0.219501 0.210727 -0.129599 -0.019918 -0.284191 -0.484450 0.308595
12.454992 2.886892 7.287054 1.465180 1.169112 1.027050 -1.138576 -0.032539 0.332207 1.585557 0.143096 0.360731 1.601511 1.302399 1.437291 0.365123 0.736904 0.369925 0.170065 0.282457 0.559287 0.582904 0.686097 0.341193 -0.027489 -0.062501
12.374508 2.509484 6.842521 2.778593 0.992971 0.394453 -0.467197 0.063349 -0.087704 0.925375 1.092361 1.262212 0.885672 1.787082 1.019896 0.942160 0.071543 0.022400 -0.169890 -0.006268 0.047301 0.473488 0.595248 0.188407 0.283918 -0.279997
12.143093 2.436661 6.856800 2.388755 0.977717 1.020694 0.970928 1.551472 0.017462 0.724738 0.696507 1.189688 -0.582878 0.291997 0.175316 -0.429303 -0.127204 -0.184728 -0.272803 0.286516 0.138646 0.625986 -0.068412 0.134991 -0.072437 -0.498701
14.245418 3.436725 7.354556 1.843803 0.521535 1.170850 -0.025665 0.463620 -0.561514 1.048363 0.179769 1.686770 0.451826 1.000085 1.123427 0.266549 0.283801 0.062810 0.608689 1.197062 0.666840 -0.217280 0.147431 -0.128636 -0.141236 -0.230839
13.826357 2.013068 6.253094 2.149974 2.327960 1.360069 0.491848 1.311323 0.648818 2.267098 0.396397 1.309860 1.798244 2.439772 1.786387 0.411176 0.438275 0.041184 -0.211657 0.643083 -0.054233 -0.351363 -0.668565 -0.313926 0.270055 -0.241654
13.865399 2.715412 7.352590 3.010999 1.290722 0.911117 0.572148 0.719737 0.286806 1.612478 0.432214 1.233085 1.093235 1.431221 1.097822 0.146809 0.591122 0.897329 0.249473 0.042810 0.357794 0.741583 0.817523 0.384045 0.203972 -0.489888
13.201447 0.989245 6.460983 2.188817 1.028629 1.031768 0.622533 2.144313 0.002047 0.708133 -0.131073 0.951364 1.161961 0.759615 0.848157 0.774213 0.449602 0.836428 0.540595 1.262477 0.968761 0.610229 0.326150 -0.419244 0.624514 0.108304
13.488472 1.044153 6.754584 2.002858 0.791482 1.414491 -0.196999 1.493674 0.687125 0.842610 0.200678 0.896184 1.635814 1.295708 0.320965 0.290239 -0.032013 0.126603 -0.162694 0.736037 0.680336 1.099328 0.085438 0.397109 0.918906 0.209675
14.233236 -0.349982 6.862643 1.925607 1.429129 0.903505 1.195268 1.596193 -0.192719 0.844456 -0.743269 1.105638 0.991767 0.562787 0.285137 0.396774 0.642031 0.559083 -0.121874 0.789231 -0.115697 0.156817 0.165352 0.377808 0.289905 -0.542273
14.981176 0.629457 7.540773 2.187528 1.301195 0.071534 -0.587551 0.100938 -0.475152 2.329428 0.326907 1.538948 0.372557 0.522271 0.220979 0.405898 0.466099 0.968830 0.414260 1.662416 1.198268 0.835800 0.392492 0.029144 0.189534 0.003477
15.927451 1.549022 7.395664 1.421388 0.969147 1.022218 -0.406617 0.990435 -0.021963 1.060926 0.391162 0.960805 0.308123 0.504491 0.536322 -0.140130 0.019128 0.414961 0.278054 1.061251 0.904715 1.166145 0.462844 0.217336 0.287967 -0.129051
15.582289 1.372875 6.826097 1.175195 1.071309 1.073269 -0.217487 0.547086 0.094576 1.803542 0.358969 1.240464 0.524840 0.934046 0.346750 0.282120 0.365597 0.453422 0.471077 1.369266 1.382495 0.932986 0.761995 0.367386 0.503765 -0.011128
15.269722 0.694316 7.921100 2.495176 1.235559 0.507749 -0.421011 0.970079 -0.779866 0.393224 0.099288 0.626929 -0.108514 0.550447 0.083834 0.614251 0.724226 0.733217 0.181338 0.816681 0.208275 1.078673 0.361132 -0.095154 0.280780 0.278836
13.865504 -0.326021 7.755692 1.579288 2.135121 0.816677 -0.532241 1.190844 -1.729657 -0.059927 -0.737430 -0.240442 0.906662 0.828196 1.069345 -0.217407 0.579815 0.950470 -0.495486 1.308832 0.096724 0.570990 -0.434380 -0.485336 0.639994 0.044700
14.551493 -0.156097 7.623417 1.338007 0.767513 0.822090 -0.324480 0.420965 -0.114257 0.924818 0.801741 0.981698 0.835648 1.183387 1.097183 -0.183593 1.556162 1.540101 0.442409 1.599480 0.139604 0.659743 0.381203 0.149975 0.556539 -0.062693
15.190530 0.607984 7.946427 1.571849 -0.487873 -0.492993 -0.151956 0.837473 -0.197133 1.506867 0.346762 1.790159 1.781672 1.898482 1.519448 -0.699372 1.187046 0.008303 0.686139 1.278921 0.731586 1.150158 0.193789 -0.280814 0.119292 0.180966
15.403674 0.287815 8.843332 2.265085 0.565072 0.899618 -1.918983 1.015906 0.012124 0.073856 -0.338266 1.314073 0.879086 0.317359 1.719120 0.179553 0.966056 0.777776 0.276653 0.812241 0.187121 0.229143 -0.127355 -0.393714 0.247921 -0.343671
16.075686 -0.335151 7.465444 1.655692 0.020025 0.570941 -0.916200 0.955288 0.368195 0.378632 0.191311 1.162300 0.660766 0.184278 0.992536 0.192242 0.640847 0.308139 -0.735618 0.493770 -1.253002 0.172823 -0.520631 -0.721559 0.486914 -0.088461
17.229358 0.967318 8.480076 1.001991 -0.166071 0.484070 -0.594031 1.121553 0.200915 0.200143 0.401093 0.840187 1.580434 2.090297 1.900913 0.731680 0.501508 -0.105201 0.252457 0.470572 -0.886455 0.593081 0.198536 -0.196191 0.262491 0.129480
17.104993 0.984476 8.706059 1.000969 1.075761 2.229981 -0.308561 1.390129 1.001142 1.102091 0.019697 1.333337 1.191698 1.140049 1.332259 0.056143 -0.194221 -0.640543 -0.070901 0.106833 -0.679942 0.474420 0.160665 -0.250399 0.113697 0.209455
16.924857 1.178888 8.478945 2.077580 1.367810 1.995607 -0.861593 -0.114880 -0.600170 0.048355 -0.519224 1.561551 0.945126 0.770684 1.074856 0.254675 -0.069608 0.235796 0.186640 -0.070817 -0.643468 0.406209 0.280855 -0.446463 0.042346 0.213292
16.868103 1.625157 8.877019 2.492984 1.313651 1.543586 -0.092728 1.308594 -0.858242 -0.365218 0.207240 1.207435 0.939664 1.292759 1.042052 0.083196 0.546381 0.506512 0.071932 0.740740 0.344286 0.565763 -0.036233 -0.123605 -0.064310 0.182684
17.263581 1.782508 8.528834 2.308268 1.256615 1.486575 -0.123561 0.722738 -0.792266 0.352405 1.024343 1.181961 0.121873 0.671638 0.846101 -0.400895 -0.972076 -0.269769 -0.481351 0.422601 0.229424 0.942266 -0.444886 -0.080672 -0.017501 -0.158774
18.286088 3.119985 8.217597 0.981012 0.273878 0.030683 -0.626829 0.607982 -0.600619 0.003738 0.400692 0.878667 1.073509 0.204756 -0.228800 -0.154260 -0.880413 -0.703611 -0.421036 0.520699 -0.158688 0.891251 -0.317944 0.484490 -0.023294 -0.205023
18.518129 2.895583 9.043705 3.084778 1.082529 1.200014 -0.748530 0.832267 -1.299312 -0.176225 0.828091 0.292551 0.320249 1.167560 0.362434 -0.273369 -0.641203 0.197477 -0.648721 0.189668 0.362616 0.944091 -0.661475 0.353542 0.283464 0.088746
19.911379 4.006815 8.753022 3.785165 1.414818 1.933734 -0.336645 1.090274 -2.303290 -1.382183 0.515765 -0.081107 0.136234 1.742506 1.166067 -0.440912 -0.499834 -0.771836 -1.017834 0.378136 0.133073 0.523602 -0.297663 0.476338 0.791579 0.636648
21.794158 4.938836 10.310459 4.368930 1.756446 2.840711 0.299232 -0.427107 -1.620663 -1.524153 -0.721513 -0.652472 -0.091118 1.240614 0.687117 -1.128096 -0.501127 -0.112076 -0.442663 0.890197 0.309364 1.037394 -0.974254 0.178344 -0.086321 -0.516173
24.910053 7.201587 10.759972 4.553932 2.441604 2.596847 -0.261164 -0.218953 -1.286951 -2.162634 -1.187293 0.307017 -0.231346 1.082929 0.575325 -0.212942 -0.609757 -0.259522 -0.699716 0.496704 -0.808373 0.797958 -0.108308 -0.167721 0.044337 0.040423
28.197613 8.743772 10.257884 4.063579 1.149353 3.119353 0.104878 -0.222401 -1.635999 -2.361051 -1.275386 0.819418 -0.276295 1.305221 0.487509 -0.455572 -0.085582 -0.242816 -0.503490 0.881197 -0.184171 1.667552 -0.604786 -0.876220 -0.284222 -0.072058
30.539674 9.372838 9.088221 2.369166 1.466244 4.330169 -0.730072 -1.639595 -2.452106 -1.990158 0.147460 1.557180 -0.133261 0.983223 0.768819 -0.945954 -0.383245 0.104656 -0.837080 0.574934 0.521059 1.396906 0.046673 -1.249201 -0.770152 0.342607
31.235428 8.017684 7.273785 3.596354 1.267107 4.036822 1.635871 0.834910 -0.469537 -2.948591 -1.426153 1.189339 -1.926413 0.741090 1.860497 -2.065026 -0.972085 -0.004173 -1.140896 0.615740 0.551076 1.991235 -0.201613 -0.638019 0.673620 0.669754
30.933369 9.913453 7.529752 3.448215 0.669525 3.706171 0.589472 -0.993796 -0.498617 -3.018752 -0.148987 0.471348 -1.231941 0.885866 1.384448 -2.513186 -0.462164 -0.372116 -0.883106 0.017091 0.045376 1.605396 0.051198 -0.423101 0.349279 0.238852
31.604960 10.993579 7.471249 3.615625 1.275474 3.093527 0.178163 -2.484356 -0.240612 -2.015277 -0.805293 0.357241 -0.639795 1.289537 1.537213 -2.262952 -0.426951 0.040608 -0.638892 -0.046847 -0.294395 1.458200 -0.022601 -0.511542 0.401950 0.276483
31.991463 11.236563 8.653251 3.769927 0.602096 1.665639 0.733895 -1.835032 -1.330518 -3.081323 -0.363448 0.739688 -0.068856 0.925568 1.359030 -1.523982 -0.594820 -0.959827 0.024146 0.392591 0.164741 2.195076 -0.290538 -0.499243 0.543202 0.055186
31.824471 10.973757 8.501553 3.874287 -0.583480 2.401128 1.343774 -1.489966 -1.696164 -4.308863 -0.807270 1.625602 -1.172568 0.972194 0.860886 -1.014154 -1.113878 -0.988704 -0.414786 0.342755 0.819049 1.519189 -0.012008 -0.670409 0.397151 -0.160588
33.557549 10.133884 8.826123 3.707772 -0.046267 2.693743 0.942303 -0.866174 -1.454667 -3.086765 -0.979666 1.023235 -1.409320 2.018721 0.795299 -1.285116 -0.620848 -1.109520 0.219498 0.141128 0.510636 1.493978 -0.405043 -0.196922 0.586422 -0.259984
32.721916 11.495189 7.402789 4.299172 1.374686 1.587185 0.084735 -0.598662 -1.495704 -2.976852 -0.648760 0.567977 -1.330780 1.766586 1.591935 -2.157367 -0.884677 -0.009199 -0.056348 -0.164175 0.182893 1.448661 -0.075885 -0.291760 0.705033 -0.400412
31.696624 11.658701 7.940869 3.373436 2.005860 2.978641 -0.821607 -3.113565 -0.444928 -1.883629 -1.065406 -0.104582 -1.462074 2.474901 1.537579 -3.020558 -0.909095 0.724972 0.047834 -0.283062 -0.201591 1.482427 1.049239 -0.697158 0.302855 0.255892
33.413957 11.357802 7.707633 3.336762 2.595883 2.726005 -1.198722 -2.162219 -0.248512 -2.056036 -0.868960 0.196846 -1.111579 2.600795 0.663553 -2.150639 -0.690837 -0.638013 0.645372 0.117064 -0.552402 1.751260 0.652608 -0.292212 0.466436 0.075308
31.720365 11.650119 8.351081 2.951556 3.136931 2.892722 -1.899674 -1.910303 -1.827167 -0.770009 -0.521964 0.210262 -0.691751 2.415743 0.812953 -2.127153 -0.760957 -0.659519 0.325608 -0.203079 -0.307724 1.410965 0.519748 -0.497081 0.555748 0.310074
31.416584 12.673575 7.778106 2.921032 3.733893 1.976619 -1.664122 -1.667175 -2.271228 -0.551604 0.178373 0.599870 -0.950530 2.152888 1.304557 -2.052433 -0.983396 -0.337773 0.005196 -0.280895 0.442636 1.162705 -0.020415 -0.160415 0.659875 0.206222
32.009261 12.443351 6.600911 2.387402 4.131035 2.576171 -1.341425 -1.638862 -1.754405 -0.787044 -0.441512 -0.074690 -1.110563 3.319970 1.751047 -2.271942 -2.061495 0.106872 0.310194 -0.363803 0.611486 1.602916 0.611859 -0.944143 0.801536 0.179175
31.247003 12.268834 5.449133 3.076296 4.176878 2.108377 -0.785517 -1.489092 -1.154930 -0.891114 0.350175 0.333851 -0.930671 2.248816 1.318895 -1.182766 -1.606626 -0.287773 -0.130546 -0.227115 -0.301364 1.477855 0.225872 -0.301947 0.063163 0.715288
31.084005 8.256326 6.557100 4.261901 2.982662 2.453893 -1.668828 -1.516363 -1.369091 -0.060600 1.062693 0.154944 0.500827 2.907136 1.752052 -0.512625 -2.086278 -0.219406 -0.172316 0.140869 -0.314344 0.819189 0.405661 -0.742662 0.040669 0.799195
30.813325 8.474425 7.817660 3.085275 2.308792 1.972195 -0.552801 -1.261272 -0.920239 -1.230617 0.139748 -0.538240 -0.154991 3.364844 2.094707 -0.970008 -0.806749 -0.258195 0.301497 0.321749 -0.099213 0.375742 0.414515 -0.464755 0.635568 0.327889
29.175286 8.094346 8.271787 4.036297 2.719431 1.762715 -0.695402 -2.694277 -0.698368 0.145559 0.590372 -1.150405 0.636270 3.856897 1.246830 -1.367523 -1.339997 -0.689918 0.031803 0.343192 -0.487957 0.902110 0.179689 -0.895816 0.925858 0.725673
27.772869 7.114373 7.094782 3.686553 2.964326 1.765857 -0.021853 -1.840933 -0.489904 1.803244 0.476325 0.912315 0.216007 2.392215 0.203981 -1.656096 -1.425408 -0.375565 -0.355909 0.306514 -0.161582 1.033252 -0.017542 -0.015996 0.337775 0.657004
25.620934 7.642415 8.030003 3.410604 1.464768 1.884665 0.057084 -0.963510 -0.617214 1.178963 -0.003035 0.210022 0.045163 2.250436 0.463885 -1.027384 -1.900833 -1.413997 -0.630395 0.712023 0.136150 0.113279 -0.163077 0.025200 0.411082 0.940474
24.474793 5.954362 9.187126 4.536910 1.966990 0.427665 -1.602146 -2.051332 -1.368728 0.675017 0.365340 0.354161 -1.101786 1.897109 0.803320 -0.667000 -2.392643 -1.553572 -0.385573 0.803469 0.215208 0.281807 -0.061810 -0.442569 0.036133 1.049879
20.249581 8.452032 7.077389 2.817724 2.606692 0.853054 -1.342341 -0.771295 -0.306464 -0.539964 0.317325 -0.095919 -1.151861 0.965596 0.988381 -1.212909 -2.289487 -0.971367 -0.006854 0.377629 -0.069472 -0.069037 -0.105494 -0.399205 0.190155 0.293687
19.858835 8.664675 6.150869 3.335366 3.568790 1.703264 -0.824522 -0.653612 -0.068101 -0.041948 0.273448 -0.901944 -0.513653 1.531610 0.929749 -1.359916 -1.676635 -0.899591 0.287362 0.637407 -0.080171 0.417503 -0.106189 -0.669316 0.137062 0.432591
19.192903 7.592394 8.513227 2.643256 2.756321 1.650720 -0.836366 -2.218263 -0.694942 -0.310087 0.342323 -0.448404 1.200719 2.364044 0.928344 -0.377867 -1.272125 -0.754500 -0.084132 1.259682 0.216443 0.486504 0.031299 -0.354161 0.322060 0.318403
20.864188 4.869539 9.313538 2.807278 4.140274 1.684206 0.385838 -3.089029 -1.168946 0.238523 1.357159 0.516496 0.744448 1.504594 -0.372144 -1.154936 -1.756962 0.407620 -0.086712 -0.427448 -0.189547 0.878638 -0.400862 -0.568537 0.303396 -0.258935
18.395232 7.252214 7.373835 3.146435 3.992322 2.105474 -0.824003 -2.014819 -1.074178 0.541524 1.079849 0.612632 0.225489 1.271702 0.243609 -1.254183 -1.942039 -0.512278 0.155042 0.482430 0.293234 0.758625 -0.234624 -0.215621 0.376398 0.751325
18.207941 7.245997 7.233971 3.206854 3.929231 2.542247 -0.344970 -0.120859 -0.055249 0.688394 0.272214 -0.589057 0.632590 1.277764 0.718801 -0.852047 -1.636742 -1.211042 0.110171 -0.074463 -0.039795 0.572065 -0.174075 0.016957 0.258865 0.408402
18.453824 6.983380 7.212386 2.557930 2.447936 1.751146 -0.279264 -0.329505 -1.110422 0.422082 0.011922 -0.471402 0.123588 0.908639 1.019790 -0.194750 -1.184367 -0.419630 0.070915 0.065698 -0.315127 -0.158031 0.523236 0.140642 0.278687 0.323965
17.819722 7.095247 8.159392 3.117486 1.834115 0.855115 -1.160495 -1.133343 -1.026789 0.713998 0.468533 -0.744776 -0.188902 1.549221 0.383809 -0.350320 -1.207676 -0.333334 0.082483 0.634829 0.048941 -0.008225 0.273907 0.410539 0.153977 0.166005
17.215975 6.886347 7.258368 2.487365 1.905885 0.419276 -2.991975 -1.688543 -0.953788 0.269365 -0.063996 0.107544 0.564484 1.384997 0.880821 -0.045597 -0.867925 0.633796 -0.052355 -0.342579 -0.064646 0.429537 0.761396 0.534197 0.139837 0.656774
17.424538 7.074732 7.445317 3.631488 3.293371 1.061302 -0.968819 -1.227708 -1.254665 -0.592343 -0.144480 0.696201 1.330445 1.539231 1.356245 0.200063 -0.899783 -0.817727 -0.062048 -0.477597 -0.221968 0.783412 0.502534 0.390766 0.574424 0.363480
17.378409 6.468347 8.484356 1.770563 1.936187 0.373190 -0.405866 -1.315173 -1.598789 -1.052598 -0.314628 0.014562 1.024182 1.428399 0.885577 0.424357 -0.751219 -0.879571 0.118526 0.328156 0.702865 0.582241 0.319924 0.691628 0.046569 0.536156
17.263710 8.463890 7.966486 2.586998 1.912362 0.608062 -0.771106 -0.401979 -0.649398 0.071006 0.533547 0.046795 0.842851 1.793884 0.978363 0.219494 -0.416910 -0.384393 0.058563 0.546684 0.602738 0.589219 0.675359 0.834583 0.327492 0.507451
16.159455 7.624719 7.784539 3.809677 2.847112 0.622484 -1.777327 -1.656336 -0.992520 0.481743 0.412430 0.338829 0.350473 1.037890 0.953838 0.458183 0.097473 -0.917926 -0.452051 0.410277 0.629812 0.893524 0.913938 0.290803 0.094800 0.222480
19.851213 3.457779 7.816623 1.430730 2.144962 0.850687 0.364840 0.605241 -0.665830 1.149016 -1.364764 -0.583393 1.153565 1.760947 0.029476 0.103931 0.295871 0.037323 1.082296 0.264513 0.500337 0.935228 0.483930 0.686177 0.159690 0.424027
33.084084 -2.582052 5.751954 -1.018132 -0.379909 0.223062 0.806316 0.506777 -0.418491 1.674441 -2.423148 -1.436859 0.267231 1.508249 -0.745993 -0.345117 0.730997 0.233367 0.267158 -0.084175 0.391798 1.291761 0.206694 0.425731 0.225644 0.093446
44.636988 -3.511629 4.203495 -1.570264 -1.610525 1.823222 1.185476 0.742892 0.336457 0.182985 -2.428310 -1.694185 1.247664 2.130533 -0.119937 0.689391 1.517973 0.503505 0.090120 0.204068 -0.811836 0.237923 0.626489 0.314659 0.318394 0.631932
42.967831 -2.592753 3.639263 -2.669631 -0.061631 1.341465 1.791362 0.024475 0.159561 0.692624 -2.436059 -1.720078 1.262597 1.615329 0.278020 0.356565 0.872134 0.130523 0.007733 -0.168322 -0.906337 0.413243 1.001394 0.474051 0.012691 0.406262
39.522081 -3.007568 2.688603 -2.321514 -1.797797 0.718801 2.252764 0.492279 1.133818 1.013204 -1.291557 -1.255857 1.705137 2.934393 1.171988 -0.649146 1.299401 0.044202 -0.062728 0.030314 -0.365453 0.166744 0.231737 0.023408 0.652891 -0.286202
34.132703 -1.951623 3.726199 -1.102278 -1.783103 1.120455 2.118518 -0.294030 -0.369753 0.706730 -1.867050 -1.360250 1.558185 2.304137 0.544000 -0.906179 0.342340 -0.351165 0.645168 0.266185 -0.120019 1.415075 0.548354 0.171002 0.571494 0.080082
31.510187 0.935870 4.089733 0.163468 0.264725 1.869827 1.996207 1.142698 0.687960 1.706542 -1.325733 -2.355414 0.872944 2.417762 0.043520 -0.893260 0.363390 -0.860968 0.005939 -0.475396 -0.972567 -0.013264 -0.333335 0.118910 0.917178 0.638128
30.587205 3.586037 5.480007 2.184518 0.336252 2.099619 2.291746 1.458724 1.150256 0.530591 -1.348818 -1.987186 -0.345335 1.340314 0.404430 -0.458696 -0.414996 -0.650125 0.270623 0.037700 0.014153 0.317093 -0.208143 -0.014826 0.345625 0.377599
33.113789 5.794165 4.708440 0.841440 1.834754 4.488395 3.312108 1.772209 0.693931 -0.518278 -1.815224 -0.960377 -0.019028 1.504516 0.280300 -0.323906 0.045837 -0.648327 -0.411710 -0.846775 -0.803310 0.408911 -0.204781 -0.598462 -0.344431 0.523393
35.266757 8.455629 5.036786 -0.083283 0.742990 5.041889 3.916417 1.602011 1.090453 -1.055173 -2.361808 -1.327568 -1.028901 0.506182 1.061624 -0.370826 0.240731 -0.112104 0.047104 -0.580892 -0.903315 0.629799 -0.123299 -1.016599 0.221937 0.553361
37.998651 9.237907 3.363867 -1.622153 -0.000664 4.604699 4.589684 2.071658 1.045022 -1.141686 -2.175162 -1.939691 -2.090014 0.624724 1.367265 -0.705146 0.420162 -0.764238 0.319254 -0.108976 -0.455201 0.945034 0.487456 -0.504285 0.710039 0.798386
40.947420 10.524782 0.375231 -1.360542 1.172186 5.139800 3.085437 1.441088 1.292383 -1.476035 -3.369306 -1.142843 -3.027998 0.471755 1.822577 -0.654005 -0.096608 -0.296195 0.204442 -0.359489 -0.608864 0.945506 0.500006 -0.609234 0.934381 0.967821
41.751014 10.247064 1.160956 -0.907318 0.398259 4.501826 3.300421 0.973474 0.476358 -1.240494 -3.934565 -1.472875 -3.032291 0.444351 2.288242 -1.143054 -0.184562 0.002935 0.007554 -0.673437 -0.478792 0.598464 -0.032126 0.361667 0.611712 0.699158
41.612487 9.595583 2.118913 -0.239659 0.217250 4.158716 3.743304 1.329552 -0.310029 -1.640065 -3.656809 -1.373431 -3.372325 -0.076864 3.162872 -0.836968 0.289011 -0.240064 0.159068 -0.918320 -0.457731 0.280591 -0.604097 0.079399 0.789142 0.634578
42.273003 9.605640 2.674898 -0.287942 -0.022464 4.393767 3.008576 1.140160 0.661039 -2.059946 -3.399325 -0.737434 -3.795714 -0.036205 3.290118 -0.924496 0.662903 -0.370984 0.752679 -0.824881 -0.514803 0.348866 -1.017871 -0.473945 0.269137 1.009229
42.950497 8.735428 2.974228 -0.594144 -0.875037 4.531475 1.811718 0.594583 1.010570 -2.010372 -4.098872 -0.906899 -3.950562 0.466433 3.398679 -0.850213 0.696071 -0.221206 0.972654 -0.762590 -0.431769 0.490522 -0.953535 -0.493487 0.289345 1.467877
42.358498 9.901958 3.123518 -0.735485 -0.609424 3.302915 1.992063 1.330599 0.664529 -1.964258 -4.596263 -1.256834 -3.533421 1.158111 2.775639 -1.159332 0.317563 0.963833 0.314116 -1.240562 -0.770100 0.449025 -0.223125 0.029725 0.472081 0.595865
41.293755 10.612636 2.259767 -0.444308 -0.264021 3.379346 3.459207 1.191524 0.104689 -1.424577 -4.733179 -2.016997 -3.062193 -0.040894 2.855557 -1.201383 0.972367 1.029500 0.616599 -1.317110 -0.200376 -0.371809 -0.591903 -0.141624 0.500036 0.255224
42.241154 9.515262 3.255504 -1.061464 -0.218499 3.331842 2.832067 0.312110 0.095362 -1.412047 -4.212741 -0.955440 -3.397023 0.029284 2.621788 -0.589099 0.437864 0.404011 -0.009872 -0.733332 -0.498291 -0.130437 -0.822792 -0.053564 0.501016 0.660223
41.385791 9.898523 3.451426 -0.226155 -0.444802 3.452900 2.510205 0.637032 0.486142 -1.603999 -4.268406 -0.524299 -4.038416 0.269793 2.669490 -0.656419 0.800939 0.513606 0.723152 -1.046206 -0.532289 0.112343 -0.783084 -0.026614 0.011668 0.444282
41.524631 9.938568 3.090533 0.063627 -1.064761 2.948042 2.553762 0.163049 0.606866 -2.343779 -3.716639 -0.748523 -4.160454 0.053907 2.691975 -0.637543 0.398720 0.712468 0.500815 -1.057093 -0.442518 0.318854 -0.809516 -0.199664 0.471604 0.445892
41.939218 10.003402 2.143854 0.629142 -0.448042 3.153494 2.541271 -0.118978 0.554985 -1.913446 -3.726767 -0.477056 -3.138311 -0.188037 2.983931 -0.783517 0.373254 1.407761 0.141930 -0.206217 -0.455724 0.277992 -0.638680 -0.341627 0.780380 0.382088
41.559039 9.904154 2.582007 0.114309 -0.013133 2.484931 2.433232 -0.015310 0.105298 -1.752466 -3.661548 -0.443041 -2.775278 -0.044639 2.258024 -0.809060 -0.233650 1.741434 0.215527 -0.220533 -0.431842 0.090819 -0.679516 -0.623569 0.926579 0.108912
41.233381 9.549360 3.580978 -0.740435 0.091378 1.978506 1.488494 1.057351 -0.375664 -1.530756 -3.613754 -1.196195 -2.427957 -0.355870 3.185825 -1.680768 0.210151 1.375102 0.735747 -0.465602 -0.116976 -0.261133 -0.611976 -0.833741 0.798990 0.196578
40.842022 10.262003 3.471470 -0.496172 -0.316911 2.261006 1.225120 0.658337 0.376148 -1.232656 -3.693466 -1.207364 -2.695498 -0.547458 2.963323 -1.361616 0.271826 1.182807 0.987217 -0.178554 -0.025889 -0.792705 -0.830114 -0.629583 1.055764 0.005646
40.829222 9.903488 4.336454 -0.714256 -1.100004 2.231684 1.030578 0.432563 0.352801 -0.651745 -3.951730 -1.222131 -2.629514 -0.538279 2.642223 -1.917069 0.298817 1.553243 0.324734 -0.162363 0.199470 -0.387581 -0.861665 -0.614973 1.074453 -0.061597
39.738152 10.259461 4.268499 -0.543506 -0.101417 1.492197 1.238548 0.463475 0.631839 -0.643425 -3.255890 -1.373777 -2.008732 -1.358652 2.070725 -1.360198 0.267393 1.615728 0.270567 -0.020785 0.040559 -0.237844 -0.756741 -0.659128 0.946542 -0.230479
37.996193 9.737880 6.292478 -0.650018 -0.389797 1.978193 0.677573 0.642860 0.149929 -0.124685 -2.618693 -1.369629 -2.112891 -1.216929 2.034195 -0.933256 -0.349555 1.556229 0.337388 -0.189831 -0.003691 -0.380786 -0.948059 -0.501196 0.855015 -0.311183
36.604131 9.802730 6.797457 -1.039395 1.062693 1.065549 2.094733 0.228133 0.658838 -1.324460 -2.179388 -1.404162 -2.011211 -0.823280 2.631718 -0.887332 -1.350039 1.431891 0.917301 -0.281804 -0.510098 -0.118199 -0.988178 -0.652023 0.863049 -0.109229
35.048768 9.250041 7.250728 -1.024072 1.916531 -0.471963 2.124755 0.349384 1.220191 -2.110744 -2.036645 -1.119173 -0.747966 -0.572096 1.536726 -0.472144 -1.686222 1.034698 0.879561 0.038602 -0.236415 -0.017074 -0.179041 -0.381350 0.452701 0.573861
30.389982 11.100655 4.301379 -1.450468 0.560333 0.758293 1.902655 0.769337 1.783660 -0.606518 -1.067985 -0.149235 -0.986494 0.639354 2.822957 -1.031171 -1.650882 -0.084389 0.664601 -0.004122 0.139765 -0.509658 -0.559647 -0.081799 0.577962 0.676282
27.907309 12.204987 5.082082 0.093632 0.579959 2.114420 2.655765 2.885295 1.332301 -0.367859 -0.991648 -0.043603 -0.970748 0.140444 2.630080 -0.000104 -1.146772 0.399213 -0.216709 -0.748244 -0.834845 -0.228388 -0.349516 -0.264949 0.455535 0.171209
28.278668 12.001252 4.644626 0.814004 0.504565 1.786747 2.817236 3.780740 2.204297 0.657566 -1.114015 -0.344709 -1.391522 0.323202 2.364492 -0.158391 -1.024154 0.130121 -0.046254 -0.198178 -0.269002 -0.354993 -0.443466 -0.725760 0.155596 0.516663
28.602827 12.771288 4.766431 0.640363 0.155482 2.203618 2.639574 2.739722 2.001450 0.161954 -1.395681 -0.244427 -1.270265 0.734311 2.576405 0.518961 -1.214687 0.031165 0.082158 -0.219916 -0.688079 -0.478087 0.230250 -0.219044 0.378607 0.341720
26.833017 13.075187 5.830413 0.635047 1.442168 2.595626 2.326622 2.453396 1.242964 0.433154 -1.227005 -0.603644 -1.328298 0.362437 2.221764 1.150355 -0.689020 -0.359024 0.313760 -0.786471 -0.434961 0.066475 0.175084 -0.054077 0.451707 0.366777
26.842935 13.538341 5.342885 0.425551 1.760934 2.681680 2.380467 2.709494 1.190745 -0.065904 -0.826325 -0.350233 -1.723786 0.017700 2.169926 0.870093 -1.155911 -0.133163 0.409608 0.298735 -0.651548 -0.188439 -0.334424 -0.219885 0.505469 0.488437
25.676932 12.491168 5.562104 0.217157 1.832182 2.526428 2.578032 2.730724 1.218799 0.205812 -0.596917 -0.622816 -1.641774 -0.327854 1.549150 0.660676 -0.640556 0.159724 0.681425 0.402302 -0.223027 -0.214006 -0.788023 -0.649334 0.606249 0.795351
25.156628 12.370250 5.227253 0.108935 1.130185 1.821379 2.332370 2.370007 1.801599 0.213029 -0.577598 -0.241653 -1.399169 -0.088380 1.377544 0.482071 -0.102565 0.347238 0.574020 0.482149 0.028726 0.123027 -0.780536 -0.694021 0.197074 0.619365
24.418624 11.696341 5.603354 0.621548 1.838984 2.593690 2.899844 1.865847 0.760320 0.103429 -0.206106 -0.588898 -2.210231 -0.282467 1.184810 0.844954 0.149501 0.012941 0.733133 0.704592 0.207789 -0.441344 -0.848957 -1.056371 0.031104 0.798981
23.023726 10.981240 6.277883 0.383350 3.049616 3.003468 2.430967 2.679480 0.506817 0.283463 -0.253672 -1.381229 -1.759274 0.069382 1.536876 1.437635 0.220371 -0.072526 -0.037653 0.309816 -0.480907 -0.572375 -0.821712 -0.385130 0.603509 0.826770
23.317132 10.848860 6.024372 0.045660 0.720727 3.207973 3.163925 2.084594 1.036157 0.733027 -0.028298 -1.575180 -1.651105 0.029563 1.382062 0.931292 0.130367 0.141962 -0.039750 0.970805 0.275306 -0.428450 -0.434050 -0.530154 0.397580 1.157352
23.435479 11.238523 6.576431 0.516261 1.690928 2.665955 2.129070 1.097452 1.492827 1.661220 0.376489 -0.371497 -1.728452 -0.299759 0.791141 0.505111 -0.468309 0.437442 0.236484 0.069760 0.007679 -0.375120 -0.830857 -0.309622 0.530597 1.455920
22.885627 10.204145 7.139740 0.949485 1.884149 2.834121 2.130830 1.931193 1.226293 1.282078 -0.035520 -1.141956 -1.409624 -0.313522 0.717581 0.381734 -0.004783 0.053948 -0.295241 0.290069 -0.328316 -0.082664 -0.271386 -0.103930 0.142149 0.536902
21.898615 10.013719 6.254801 0.141858 1.676133 3.418734 2.947458 2.732551 1.228347 0.509688 0.065670 -1.300122 -1.080705 0.402231 1.579947 0.466431 -0.387577 0.097239 0.308618 0.474515 0.034009 -0.371346 -0.566006 -0.273733 0.805194 0.518781
21.207420 10.439638 6.300809 -0.232370 1.186273 2.893264 2.882885 2.237987 2.066883 1.811566 0.353123 -0.830288 -0.475922 0.343647 1.463057 0.127828 -0.879818 -1.092498 -0.589254 0.175429 0.005437 -0.296117 -0.460057 0.396346 0.531873 0.275360
20.129530 9.624161 7.098617 1.697825 1.746175 3.219730 3.014717 2.397204 1.886977 2.006641 0.140518 -0.802903 -1.338636 -0.110312 1.056133 -0.107724 -0.446499 -0.760278 -0.376870 0.189247 -0.206079 0.244992 0.863777 0.574323 0.426429 0.333322
21.104349 9.665623 6.275331 1.209921 2.339605 2.995703 3.335811 2.269511 1.877028 1.920919 -0.136003 -1.322927 -1.632937 -0.095122 0.841255 0.429686 -0.653646 -0.415902 0.014513 0.258036 0.197029 -0.035647 0.652153 0.355523 0.117998 0.139552
20.381567 9.763239 7.826085 1.330866 1.761151 3.697030 2.901767 2.786226 1.975216 1.988286 0.125826 -1.136180 -1.526386 -0.226501 1.474122 0.845953 -0.377403 -0.621873 -0.312466 0.037438 -0.396006 -0.104793 0.612785 -0.143390 -0.096050 -0.162406
20.611349 9.925666 7.270860 2.021323 1.958338 3.586967 2.072414 2.643416 1.589732 1.502794 0.354038 -1.284954 -1.928121 0.286027 1.580534 0.172532 -0.713890 -0.146152 0.283019 -0.059020 -0.388296 -0.009053 0.101347 0.068211 0.136265 -0.011770
20.151785 9.564545 7.176526 1.671314 2.751011 2.987462 2.695436 3.039151 2.344687 2.131398 -0.621239 -1.398789 -1.426466 -0.252195 0.864965 0.241342 -0.596724 -0.248411 0.056788 0.382063 -0.021550 0.172909 0.476298 0.356806 0.236626 -0.142489
20.257042 9.319119 7.074580 1.390170 2.076004 3.153726 2.491521 3.712125 1.778433 0.937148 -0.356531 -0.736952 -0.817336 0.491028 1.253859 -0.122590 -0.823791 -0.553835 0.233120 0.063518 -0.297119 -0.060436 0.112086 0.196391 0.012437 0.304296
22.506149 9.631216 9.346601 1.539265 2.755742 2.014014 1.992591 0.890011 0.695659 1.017283 -0.407315 -1.461551 -1.190178 0.169557 0.172966 0.266880 0.255115 0.381001 0.550843 0.411181 -0.433253 -0.221148 -0.086007 0.486174 -0.455948 0.231765
25.448059 9.594039 9.676220 2.690114 2.168896 1.426768 0.529253 1.024624 0.713460 -0.114301 -0.916592 -0.434105 -0.622896 0.896590 0.325011 -0.874661 -0.140501 0.566219 0.371076 -0.056040 -0.280780 0.461167 0.009749 0.292027 0.532663 0.492992
30.914986 10.242231 8.928318 1.691741 1.749083 -0.991497 -0.650290 1.905959 -1.024604 -1.410205 -1.160991 1.104158 0.634212 0.885845 0.698388 -2.649225 0.196067 0.246565 0.436881 0.271837 0.362245 1.039112 0.014735 -0.204306 0.759183 0.359217
33.299620 10.239316 8.634511 1.652218 1.608755 -1.060556 -1.112862 1.263481 -1.247074 -1.058653 -2.174539 1.640066 0.616587 0.707197 0.103108 -1.978296 0.487921 0.281980 0.071602 1.113809 1.196144 1.553131 -0.492673 -0.755953 0.418723 0.854454
34.487386 9.966716 9.310725 2.757526 1.659098 0.202102 -2.631314 0.302823 -1.539871 -0.718031 -0.631624 1.113181 -0.112013 0.418887 -0.392828 -2.471392 0.207381 0.420763 0.403596 0.830680 1.167389 1.298109 -0.041634 -0.786234 -0.324865 0.670293
35.492259 11.140121 8.123209 2.596338 1.904768 -0.330438 -3.921511 0.113884 -0.584575 -1.651514 -0.257416 1.974873 -0.318514 0.687222 -0.422567 -2.163340 0.977257 0.579055 -0.047467 0.842578 1.726506 1.556888 -0.036216 -0.659989 -0.346987 0.418453
36.201013 10.581435 8.530710 2.274400 2.496163 -1.482246 -3.441864 0.475781 -2.394034 -1.415047 -0.055173 2.033330 0.097596 0.839169 -0.672633 -2.006399 -0.227145 0.309857 0.538298 0.756294 1.946587 2.098550 -0.148350 -0.492229 -1.010047 0.237698
36.642219 11.045218 9.350487 1.106415 1.749925 -0.296164 -2.875372 0.754436 -2.454864 -0.832149 -0.323367 1.458550 0.617850 0.236715 -0.678181 -1.896386 -0.560487 0.684142 0.851830 0.579974 1.359741 1.779329 -0.226827 -0.132146 -0.201840 -0.006070
36.800773 10.841852 7.794651 1.563368 2.075255 0.755672 -2.530078 -0.255339 -2.210949 -1.745418 -0.782279 1.401143 0.426529 0.398783 -1.014408 -1.758843 -0.047035 0.568177 0.847281 0.904929 0.626965 1.526111 -0.017619 -0.884066 0.334725 0.250924
36.326474 10.724628 6.794397 1.736498 3.261582 0.956207 -2.454427 -0.430727 -2.551160 -1.827719 -1.662334 1.084041 1.034923 0.758859 -1.302961 -1.426675 0.331814 0.497810 0.489616 0.683450 0.700311 1.290390 0.265402 -0.841248 0.289407 0.223576
36.738092 10.616011 7.748253 0.396613 2.406466 1.745014 -2.784393 0.056631 -3.282384 -0.928941 -1.752916 1.502075 1.008783 0.847963 -1.223196 -2.051654 0.245352 0.452463 0.424480 0.720824 1.542809 0.402389 0.468168 -0.348720 0.636255 -0.156040
37.008565 10.417139 7.215865 0.669764 2.856258 1.557776 -2.605896 0.281974 -2.125408 -2.249605 -0.752052 0.835808 0.864852 0.905179 -1.872421 -1.028710 -0.577281 1.242627 0.317466 0.597478 0.843334 0.572533 0.283647 -0.281666 0.690103 0.083870
36.563858 10.557698 6.912594 1.181399 3.122304 2.102359 -2.488135 0.344251 -1.810333 -2.275130 -1.058838 0.927512 0.353574 1.168875 -1.469582 -0.915143 0.375229 0.824332 0.432898 0.465196 0.576937 0.821851 -0.190964 -0.283172 1.193385 -0.048994
38.418627 9.673720 5.638121 1.055198 3.862884 2.455305 -2.523283 0.689624 -2.102926 -1.983148 -2.038662 0.632983 1.136577 1.638471 -1.343996 -0.560270 0.674654 0.793158 0.186696 0.473478 0.603586 0.675043 -0.125420 0.156042 1.293125 0.304181
37.906663 9.870638 6.678236 0.280050 3.247714 1.882899 -2.464986 1.027119 -1.168335 -1.933616 -1.783180 1.085531 0.662222 0.974298 -1.150656 -1.205749 0.855269 1.092042 -0.041551 0.593187 0.392965 0.525602 0.266795 -0.130758 1.363574 0.162224
36.615304 9.697345 7.547731 0.978602 3.058020 1.247987 -1.557035 1.117968 -0.719932 -2.503204 -1.049976 0.586263 -0.072373 1.716827 -1.207215 -0.855551 0.043985 1.415952 -0.084864 0.196553 0.212949 0.816370 0.368178 -0.381623 1.163961 0.157230
36.834412 10.049838 6.215629 0.020070 3.428685 2.418425 -2.073288 1.548379 0.182980 -2.759690 -2.342400 0.801353 0.334831 1.675516 -1.198503 -0.411041 0.600787 0.816534 -0.221335 0.346675 -0.357492 0.810072 0.495541 -0.045226 1.455669 0.487782
38.690567 8.914008 5.671135 1.217036 2.433957 1.983016 -2.905838 1.639210 -0.332431 -1.697945 -2.275661 0.970177 0.694164 2.219626 -1.649206 -0.770843 0.632261 0.880332 -0.583627 0.820290 0.615714 0.933233 0.057110 0.002464 0.716049 0.255535
39.088460 8.072685 6.643760 0.708723 2.703655 1.658822 -3.347330 2.098739 0.018749 -1.507356 -2.534897 0.568354 0.690061 2.131235 -1.487531 -1.122564 0.440356 1.025029 -0.258550 0.659310 0.335713 0.998585 -0.026476 -0.008690 0.582155 0.068159
38.740090 7.818224 5.744239 1.809680 3.502058 1.745002 -3.828034 1.978782 0.585480 -1.228404 -2.410447 0.267819 0.625931 1.870513 -1.717292 -1.231951 0.966334 0.768169 -0.021167 0.447650 0.289805 1.132153 -0.075719 0.353093 0.531036 -0.081685
39.220946 7.866578 5.707131 0.784933 3.241624 1.133016 -3.572126 1.568482 0.496593 -0.910389 -2.517918 0.363534 0.837082 1.888553 -1.901603 -1.215586 0.932863 0.689576 -0.355277 0.684165 0.410950 0.810486 -0.085199 0.624069 0.717278 0.284974
39.247744 7.994777 6.773418 0.865253 2.959569 0.357895 -3.404138 2.152688 -0.785081 -0.291370 -2.952560 0.684049 0.715235 1.981739 -1.479025 -0.952690 0.967218 0.940674 -0.761455 0.949021 0.510066 1.239253 0.041275 0.131484 0.366803 -0.077189
38.557726 8.794758 5.374203 1.751077 3.502586 -0.345694 -2.786450 2.390603 0.188809 -1.682484 -2.673893 0.473872 -0.142382 2.025502 -0.158171 -2.206370 1.307055 0.329991 0.025820 0.647283 0.770092 0.947961 -0.256958 -0.304688 0.588108 0.432626
37.446457 8.896170 5.221647 0.891958 4.572158 0.513309 -2.319819 2.077062 0.126594 -1.818887 -2.371200 1.130645 -0.153955 1.470353 -0.463813 -1.849921 0.927847 1.064718 -0.500525 0.572185 0.588835 1.064644 0.210563 -0.080406 0.611183 0.220609
38.932581 7.883407 4.389963 1.989652 4.404929 1.187221 -2.849309 2.153919 0.306173 -2.037335 -2.886967 1.046245 0.422671 2.087711 -0.278433 -1.664217 0.512615 1.134179 -1.186200 1.241203 0.656689 0.607044 0.545760 0.060990 0.570733 0.440269
38.468144 8.123924 5.878370 1.277049 3.916715 1.022257 -2.698480 1.552555 0.371421 -2.448973 -2.153294 0.332069 -0.106510 0.927876 0.671417 -1.713158 1.501489 1.227768 -1.262001 0.881145 0.576921 0.743215 0.085489 -0.149024 0.891191 0.600528
38.423384 7.855029 6.453591 1.233432 3.760522 1.111023 -2.059707 0.694074 1.009784 -1.808768 -2.888333 0.210141 -0.386416 0.212130 1.163575 -1.821030 2.045657 1.146031 -1.913274 1.257164 0.668386 0.654253 0.286030 -0.213984 0.472201 0.531753
39.524864 8.433211 5.366352 0.379188 3.766893 1.203681 -2.531831 0.394320 1.959282 -1.754612 -3.567225 0.988962 -0.671568 0.102759 0.832279 -2.724766 2.985850 1.204069 -1.995732 1.093398 0.962976 0.311190 0.253688 0.311981 0.349522 0.448899
38.826370 8.139660 6.672037 1.252476 2.532486 0.302988 -1.534373 1.682714 1.134400 -2.162400 -2.918263 0.136629 -1.090730 0.424131 1.848711 -1.996235 2.181259 1.188703 -1.216097 0.361273 0.669760 0.587005 0.222300 0.431964 0.448740 1.122173
39.365211 7.623414 5.809344 0.642820 3.450830 0.251700 -1.257383 2.130074 -0.289093 -3.095840 -2.040306 0.041726 -0.196725 0.556879 0.433412 -1.958449 1.639627 1.049378 -0.768735 0.240899 0.747323 0.961220 -0.129279 0.449261 0.712302 0.014575
38.361288 7.982971 5.964334 1.082783 4.438602 0.302647 -1.874118 2.025165 -0.027084 -1.616233 -3.338257 -0.017995 -0.154759 0.712089 -0.148740 -1.700289 1.760206 2.021039 -1.132301 0.889682 1.092466 0.223755 -0.272868 0.177450 0.619998 0.116312
38.454672 7.495145 6.208183 1.672123 2.873132 0.394991 0.025392 1.966358 -0.896125 -1.878039 -3.535841 0.160431 -1.196616 0.147281 0.554343 -0.674318 1.564598 2.039015 -1.055081 0.077477 0.782815 0.571291 -0.345383 -0.162032 0.857079 0.493664
39.240552 7.697682 5.411082 1.294185 2.353338 0.188260 0.276853 2.337695 -1.097695 -1.479335 -3.493583 0.666577 -0.715607 -0.492834 0.735763 -0.668701 0.701611 2.260525 -0.609794 -0.243251 0.848952 0.913457 -0.041966 -0.333768 0.857401 0.178793
39.499603 6.266619 5.784307 1.847220 2.964807 0.387784 -0.012349 1.291986 -0.736168 -0.958502 -3.661841 1.111111 -0.524754 0.493323 -0.501435 -0.217413 0.807958 2.035138 -0.404752 -0.238775 1.084726 1.305357 -0.641007 -0.053331 0.850818 -0.456039
38.595939 5.559720 5.552328 2.499166 3.457326 0.851591 0.113373 -0.534934 0.020059 -1.088241 -3.381151 0.697701 0.670413 -0.037099 -0.991723 0.146110 1.200097 1.598193 0.012477 -0.538368 1.028004 1.200603 -0.586399 -0.401869 1.006453 -0.751346
39.302536 5.284786 4.555990 2.598409 4.006467 0.866018 -0.283170 -0.034627 0.516618 -1.376678 -3.660514 0.759708 0.922448 1.307941 -1.554858 0.127110 0.900433 1.050596 0.021844 -0.549655 0.904359 1.041869 -0.274987 0.067691 0.845909 -0.602956
38.919618 5.291672 3.675373 2.442070 4.028797 1.552186 -0.187677 -0.490610 0.679342 -1.296708 -3.339375 0.859747 1.050360 1.257043 -0.911769 -0.452166 0.793885 0.582325 -0.177254 -0.257741 1.010933 0.937228 0.192994 0.047105 0.415428 -0.541327
38.183707 4.824696 3.994914 2.571112 3.630930 1.191255 0.068104 0.580187 0.253870 -0.997390 -3.251860 -0.243177 1.155231 1.403203 -0.793201 0.086907 0.398316 0.299598 -0.199115 0.071383 1.334556 0.697985 0.050155 -0.657097 0.776407 -0.017012
37.166770 4.802096 4.514239 2.441797 3.949186 0.071676 0.511938 0.880002 0.027864 -0.637391 -2.705530 -0.594085 1.790871 0.941399 -0.562063 0.023666 0.284057 0.440263 -0.353507 -0.203039 1.214956 0.744302 0.021733 -0.995959 0.744967 -0.569569
37.675872 4.468148 3.945390 3.591011 3.889397 -1.100435 0.350025 1.744054 0.887763 0.432010 -3.087084 -0.899433 1.477213 1.089885 -0.389486 0.247151 0.613227 0.234178 -0.687153 -0.582642 0.809872 0.799368 0.237485 -1.045802 0.672573 -0.720075
36.179659 3.579805 3.252916 2.648770 4.494874 1.563303 0.478551 2.238480 0.710528 -1.230241 -1.988081 -1.402452 2.110739 0.812080 -0.822341 0.109726 0.606171 0.653381 -0.162440 -0.523544 0.476773 0.440474 0.579992 -0.767893 0.392432 -0.699675
35.124509 2.402918 3.546114 3.482704 4.945258 1.187058 1.644374 1.707360 0.258020 -0.293379 -2.947220 -0.810244 1.744061 0.554626 -1.476558 0.963319 0.150879 1.235588 0.219385 -0.686541 0.719781 0.061862 -0.113679 -1.086243 0.051690 -0.397731
34.560837 3.221398 3.114472 4.333738 4.150813 2.259370 2.591672 2.077141 -0.412721 -1.429488 -3.918548 -0.914366 2.447108 1.044262 -0.312775 0.858840 0.097909 0.796198 -0.444332 -0.943811 0.496965 -0.073570 0.279031 -1.068324 0.401585 -0.362166
35.521225 4.639430 1.983128 2.415436 3.691044 3.750230 2.306681 1.841072 -0.728975 -1.216832 -3.083649 -0.607754 2.406080 0.728597 -0.903800 0.658758 -0.049721 0.716818 0.007000 -0.388866 0.964707 0.224532 0.327525 -1.735323 -0.409493 -0.783435
33.562900 4.567317 3.757746 2.921613 2.487858 2.159036 2.486748 2.474465 0.178037 -1.201965 -2.984946 -1.064912 1.869441 1.297890 -0.252751 0.043599 -0.195678 0.256134 0.120513 -0.186147 1.026357 0.641600 -0.093774 -0.922708 0.302696 -0.618348
32.498665 5.555008 5.616986 1.565223 3.162737 2.673345 1.678391 2.085959 -0.811813 -0.402259 -2.556011 -0.548650 1.365382 1.456596 -0.540757 0.038733 0.172118 0.076645 0.059153 -0.957893 0.846852 0.305355 0.846273 -0.841610 -0.033260 -0.332368
30.758674 5.269942 5.749726 3.159108 3.851748 3.037311 0.148080 1.467915 -0.167882 -0.121766 -1.663372 -0.129640 0.366415 1.150750 -0.787022 -0.545111 0.083507 0.987388 0.249412 -1.082894 0.638513 0.457388 0.311920 -1.210858 0.623083 -0.081917
30.269308 5.649863 5.698073 2.714113 3.135881 1.991613 0.783312 1.496271 0.724076 0.468830 -1.846652 -0.514692 1.010219 0.737400 -1.249465 -0.168890 0.803764 0.164080 0.330468 -0.477791 0.482748 0.176032 0.680965 -0.809689 0.736452 -0.001933
31.852473 4.906685 5.317372 3.562030 2.974326 1.593488 1.707985 0.957517 0.222882 0.024207 -2.173361 -0.377341 2.431900 0.569894 -1.900477 0.154219 0.753571 -0.028507 -0.385717 -0.422386 1.412379 0.060575 0.143260 -0.725229 0.452179 -0.250913
31.029022 5.133310 5.692628 3.418108 3.259349 2.236275 1.286006 1.939435 1.048946 -0.974033 -2.482128 -0.817497 2.366232 -0.040946 -0.500828 -0.210155 1.067236 -0.069572 -0.717202 -0.631522 1.194640 0.871588 -0.376310 -0.750191 0.684330 0.275868
29.166315 5.509920 5.442784 3.327997 4.010491 2.841402 1.376879 2.095654 0.196428 -2.101614 -2.612375 0.073569 1.823395 0.634841 -0.388557 -0.109089 0.386838 0.078408 -0.008132 -0.436986 1.419022 0.673198 -0.209522 -1.001601 0.295802 -0.026265
28.011145 6.146740 6.091847 3.516319 3.425221 2.266055 1.073716 2.186483 0.329498 -1.417758 -2.515604 0.419790 0.932217 0.943997 -0.624503 0.133329 1.017085 -0.075402 0.296460 -0.735118 0.355518 0.616059 0.561095 -1.055293 0.515486 0.297716
27.066544 6.063434 5.734246 3.544861 3.352191 3.214785 2.697550 2.173287 0.725987 -0.676425 -2.534479 0.161269 0.268298 -0.358013 -0.617196 0.225444 1.077637 0.315793 0.732667 -0.737570 0.347729 0.576590 -0.400519 -0.910304 -0.142158 -0.004424
25.783954 5.152521 7.255905 3.879465 3.082172 3.143179 1.530891 2.210144 0.801239 -1.178597 -1.164346 0.340247 -0.243554 -0.343445 -0.888597 -0.166585 1.448853 0.346009 0.272585 0.188552 0.553661 -0.066450 -0.286331 -1.143671 0.736578 -0.158454
25.690499 5.886134 7.011802 4.422637 2.976856 2.318986 0.896862 1.640512 1.201905 -0.096695 -1.231825 0.424080 -0.205376 0.424857 -0.009530 -0.206642 0.468989 0.354857 0.383935 -0.769982 0.386326 0.512037 0.028889 -1.026272 0.761003 -0.496341
27.535093 4.826859 5.329692 3.719472 2.488746 2.768648 2.574997 2.410801 0.894948 -0.479217 -2.074832 0.731011 1.034301 0.764802 0.454780 -0.689210 -0.374614 -0.275703 0.543979 -1.139893 0.308157 0.955234 -0.338415 -0.828900 0.555589 -0.119177
26.511761 4.754429 5.536879 3.268032 2.795625 3.566323 2.608319 3.307206 -0.244944 -1.083729 -2.603386 0.044679 1.680255 0.539356 -0.154718 -0.208395 -0.512492 1.081420 0.821824 -0.881992 0.229721 0.441739 -0.182124 -0.647281 -0.135872 -0.186925
25.337502 5.397670 5.333159 3.460599 2.509325 3.751535 2.889980 2.761941 -0.441387 -1.027057 -1.564151 0.643424 0.600106 -0.108976 -0.419805 0.374296 -0.261832 0.071102 -0.014941 -0.743324 -0.138954 0.634265 -0.166825 -0.444123 0.907472 0.324450
25.312884 4.658037 4.935812 2.604107 0.817351 3.994902 1.657721 1.748018 0.203925 -1.362105 -1.546553 0.780997 0.842734 0.963719 -0.729689 0.043991 0.674151 0.303370 -0.725877 -0.129971 0.308631 0.729096 -0.235145 -0.527715 0.711315 0.051525
23.149137 5.359231 4.889020 3.026403 3.010120 3.701852 1.926866 1.447563 0.684799 -1.111352 -2.501795 0.668405 1.177875 0.726416 -1.113223 -0.073109 0.601938 0.242029 -0.434767 0.338804 0.138560 1.158680 -0.286811 -0.578712 0.458337 -0.197562
21.169460 4.847530 4.686397 2.378711 3.257180 2.827235 1.268292 1.674314 1.130361 -0.492881 -2.725849 -0.067145 1.289227 0.811928 -1.961262 -0.718676 0.400657 0.251422 -0.672277 0.396465 0.338651 0.812904 -1.047824 -0.762261 0.117232 -0.423883
20.880007 4.356968 4.496270 1.305412 2.198311 2.759591 2.202577 1.075706 -0.563540 -0.736179 -2.005094 -0.168797 1.164548 0.139880 -1.513521 0.408530 0.767177 0.440010 -0.268601 0.486014 0.232286 0.688330 -0.643626 0.052525 0.509998 -0.665574
20.977543 5.045531 2.592715 1.844565 3.448316 3.219117 0.828510 1.179599 -0.516644 -0.770689 -1.385574 0.395882 0.916470 -0.101329 -0.580052 -0.714678 -0.341679 0.058564 -0.228208 0.265320 0.401268 0.841346 -0.411164 -0.507381 0.085323 0.256258
20.199842 5.525716 3.799514 1.301083 3.615331 4.379967 1.833474 0.910776 -0.575869 -0.772481 -2.059131 1.231844 1.628578 0.565985 -0.716183 0.410698 0.691172 -0.094065 -0.331443 0.346011 0.544096 0.886071 -0.114915 -0.087557 -0.059084 0.283064
20.023518 5.608595 4.247326 2.893343 2.923618 3.929718 1.717248 0.523860 0.451790 -0.312507 -1.572633 1.230699 1.147284 -1.234249 -1.058296 -0.075351 0.473596 0.341810 -0.037691 -0.231004 0.107290 0.329716 -0.281769 -0.350768 0.073296 -0.229133
20.268244 5.812591 3.562815 2.186693 2.668644 3.633937 1.676223 0.350394 -1.126616 -0.450892 -1.060411 0.945217 1.410836 -0.319138 -0.134664 0.164274 -0.163810 0.061502 -0.172266 -0.181004 -0.404085 0.230743 0.292302 -0.321623 -0.004375 -0.200883
19.176722 6.356814 3.943522 1.188471 3.034732 3.301858 1.386859 1.292796 -0.049215 0.276241 -0.326734 0.665778 0.963894 0.104283 -0.700848 -0.332475 0.167475 -0.086532 0.712805 -0.002177 0.122081 0.712753 0.072959 -0.393254 0.021273 -0.155596
17.856168 5.674889 2.837828 1.628530 2.928955 3.019629 1.308835 1.279723 0.158052 0.267021 0.310026 1.677571 1.306607 -0.006606 -0.905002 -0.720403 -0.477062 0.441611 -0.477884 -1.276965 -0.078215 0.642650 -0.065327 -0.115944 0.323765 -0.192990
16.878356 4.458183 3.112129 0.908805 2.856607 2.603761 0.879714 0.306193 0.191054 0.211014 -0.360223 0.310871 1.179250 0.629869 -0.460355 -0.670702 -0.561003 0.278544 0.008418 0.203397 0.659503 0.728886 0.321992 0.383271 0.528530 -0.050391
17.179684 5.129531 3.884618 0.884361 2.266540 2.464452 1.717078 0.468607 -0.736778 -0.392897 0.319294 0.936753 0.903985 0.297273 -0.161618 0.237052 0.494555 0.627650 0.615317 0.240182 0.448321 0.349757 0.244069 0.551070 0.149108 -0.264491
16.563290 4.792577 4.931645 2.521779 3.059379 2.140352 0.912421 0.396459 -0.283708 -0.313533 0.682470 1.337759 0.554888 0.426653 -0.096938 0.149926 0.737944 0.879675 0.014267 -0.152667 -0.040477 0.902271 0.317243 0.112054 0.220076 -0.036590
15.812263 4.268945 4.814710 2.328076 2.487172 1.994458 0.707002 0.549647 0.566349 1.122803 -0.053089 0.908610 0.960365 0.520761 0.529663 0.304995 0.312783 1.131744 1.045377 0.421021 0.062946 0.372320 -0.064527 -0.407040 0.512730 0.011713
15.976219 3.730326 4.966521 1.637644 2.786965 2.597312 1.580814 1.717014 0.446763 0.707254 0.242388 1.653352 1.620900 0.388147 -0.572230 -0.092336 0.162878 0.971532 -0.057193 0.637770 -0.203302 0.329008 -0.347541 -0.389639 0.246429 -0.130292
14.937043 3.661978 5.018344 1.576549 2.287029 1.968506 0.359252 1.065447 0.055179 0.440837 0.067298 1.548519 1.715784 0.116952 -0.478765 0.372057 1.313179 1.000261 -0.323467 0.148825 0.316121 0.569073 -0.653170 -0.408537 0.408475 0.218307
14.636192 4.797569 5.391486 1.601743 2.913286 2.339651 2.075391 2.386531 1.083803 -0.823889 -0.777184 1.255011 1.286852 1.230342 0.244486 0.220265 0.483862 1.025580 0.889512 0.849205 1.153207 0.749509 -0.336302 -0.584568 0.299650 0.341474
14.421105 4.627268 5.665220 1.060756 2.491235 1.748803 1.147721 2.107649 0.524776 -0.198510 -0.607924 0.750964 1.376538 0.849499 0.680947 -0.152632 0.324115 1.275131 0.379887 0.706013 -0.104739 0.506545 -0.012922 -0.184961 0.084367 0.549157
13.597445 3.020384 4.667417 2.281120 2.928491 2.984376 0.672933 1.027115 -0.016769 0.036183 0.886640 2.217265 1.916952 1.134177 -0.341585 -0.068951 0.556446 0.699141 -0.119512 -0.069995 0.119069 0.275266 -0.167399 -0.126870 0.049169 0.150720
14.070176 3.558849 5.253017 2.905244 2.939314 1.346060 -0.208909 0.254629 0.084661 0.124852 -0.180678 0.774105 1.508893 1.819151 -0.017522 -0.281831 0.406647 0.534485 0.060630 0.094651 0.111290 -0.006054 0.256784 0.753005 0.254355 0.406347
13.216998 2.899771 4.452119 0.524816 1.936924 0.663202 -1.153040 -0.228763 0.360246 -0.266251 -0.419289 0.762009 0.881087 0.871098 -0.047630 0.232044 1.107031 1.492014 -0.261766 -0.103434 0.553374 0.564373 -0.228052 -0.439553 -0.161131 -0.028096
13.160792 2.809572 5.403928 0.613420 1.081567 0.853601 0.847245 0.858627 -0.592290 -0.074059 0.499057 0.900697 0.195786 0.116823 -0.288658 -0.478349 0.323808 0.773204 0.098545 1.005287 0.581646 -0.256789 -0.393953 -0.377002 -0.223500 0.117134
13.032651 2.241808 4.409002 0.714513 1.338666 0.939847 0.058862 0.618446 -0.745681 0.205923 0.074199 0.565799 0.589605 0.651837 1.034244 1.244222 0.859104 0.502526 -0.586242 0.700687 0.001863 -0.378784 -0.383911 0.529430 0.641965 0.336770
13.230087 3.034485 5.414587 1.999755 1.564377 0.620781 -0.038754 0.863312 -0.084867 -0.313413 -0.425583 0.054877 0.429819 0.415145 0.336242 0.870146 1.096538 0.881680 0.188766 0.856600 0.123384 0.335779 -0.068079 -0.297073 -0.298243 0.014624
12.996908 1.695543 5.802633 2.382542 1.794626 1.193687 -0.192871 0.005218 0.064543 0.869174 0.483424 1.214675 1.097961 0.543549 1.419889 0.938866 0.116253 0.868498 0.629831 -0.213871 -0.406601 0.376939 0.164282 0.044466 0.191962 -0.518407
12.259702 1.647554 5.971490 0.625323 0.664587 1.020658 -0.779358 0.468603 -0.371413 0.511846 -0.582802 0.560314 1.286722 1.084097 1.336721 0.849333 -0.062092 -0.359115 -0.341362 -0.715151 -0.361217 -0.007933 0.545469 0.703885 -0.002638 -0.171611
12.568294 1.930371 4.805045 1.291967 0.605073 0.936080 0.044783 0.812386 0.374310 0.699836 0.578952 1.331768 1.956119 0.983715 -0.349811 -0.304200 0.040911 -0.306028 -0.198010 0.424066 0.608800 -0.173470 -0.339843 -0.431034 -0.653870 0.076524
13.733889 2.546772 5.121307 1.897591 0.710906 0.616848 0.282533 1.293477 0.327299 1.621836 0.713016 1.662117 1.765764 0.649768 0.360226 0.194143 0.705859 0.761108 0.245274 0.213803 0.483458 0.253030 -0.062436 -0.297698 -0.066841 -0.037901
13.509431 3.523565 6.308732 2.435592 1.093237 1.160882 0.782884 0.460095 0.188210 1.293772 0.414262 1.459804 0.871272 0.437208 1.046727 0.817539 0.872887 0.322181 -0.324583 0.146673 0.477801 0.894402 0.231886 0.592076 0.280757 0.044307
12.338719 3.596039 5.668302 2.061179 1.844250 0.571225 0.063341 1.208619 1.134033 1.217117 -0.715809 0.777460 1.317587 0.886351 0.781735 0.708711 0.375490 0.775050 0.815448 0.052241 0.709943 0.817422 0.450330 -0.038585 -0.411916 0.290665
12.689598 3.284157 5.555253 2.089306 1.274224 0.828001 0.189607 0.766572 -0.049793 0.100577 0.564796 1.063334 1.247431 1.394293 1.986186 1.897823 0.947298 0.355122 0.703056 0.451457 -0.056223 0.787762 0.383412 -0.026574 0.191225 0.492970
12.726011 3.605062 7.078397 3.264990 1.945534 0.982845 0.466292 0.707472 0.032357 0.541336 1.419330 1.009915 0.074918 1.490330 1.591656 0.774358 0.608769 0.364134 0.347468 0.478023 0.321123 0.403247 0.173355 0.158625 0.452618 0.335485
13.040701 3.094933 6.371439 1.954002 1.320089 1.138323 0.385919 1.941462 1.507893 1.765879 0.890022 1.812060 0.637626 1.047551 0.521641 -0.086996 0.163681 0.879643 0.545186 1.107122 0.506074 0.676947 0.570130 0.494469 0.364183 -0.038115
12.589963 3.165481 6.382664 1.506783 1.104805 0.446367 -0.106700 0.576533 0.782032 1.563934 1.046680 1.933389 1.367903 1.247951 0.230840 0.671588 0.733553 0.519445 0.085786 0.470661 0.714585 0.452360 0.037681 -0.382885 -0.276884 -0.272103
11.920327 2.189734 6.368402 2.620814 2.001211 0.240521 -0.010499 0.518476 -0.192033 0.745700 0.811897 1.210891 0.904434 0.836079 0.348162 0.054215 0.528652 0.535436 0.419313 0.148321 0.424907 0.485494 0.658908 0.319892 -0.098615 0.423769
12.096020 2.898814 7.124741 3.102946 0.757846 0.598268 0.429771 0.759208 -0.114776 1.143638 0.182011 0.828022 0.980286 1.222681 2.128375 0.938769 -0.106838 0.111006 -0.056721 0.196838 0.129294 0.278431 0.665304 0.525428 0.113129 -0.064762
12.303487 2.767178 5.664971 2.367363 1.570231 1.558222 0.837015 0.343407 0.092641 0.289129 0.659916 1.014004 0.364812 -0.256993 0.211766 0.025072 -0.122915 -0.414705 0.518653 0.752690 0.476590 0.081859 0.009837 0.109290 -0.419958 0.139149
12.931370 2.900395 5.337047 2.052526 1.422581 1.278575 0.400240 0.817638 -0.507807 0.924510 0.620789 0.979429 0.941995 0.788958 0.900105 0.187823 0.509997 0.242319 0.444510 0.821934 0.381010 0.363484 -0.277304 -0.026832 -0.345500 0.054532
11.997294 1.466528 5.971678 1.561219 1.822247 1.758261 0.161080 0.639094 0.592667 0.780269 0.298558 0.868304 1.010407 1.386807 1.262051 0.721145 1.559443 1.309072 0.922574 1.028791 0.642160 0.430151 -0.158235 -0.418244 0.076136 0.284683
12.228445 1.959031 5.552075 2.308499 1.660650 1.832837 0.897807 1.007611 0.868712 0.908674 1.088455 1.791778 1.425729 1.521526 2.084205 2.082126 1.118853 0.615638 0.317047 -0.119511 -0.097799 0.633781 0.092968 0.127898 0.165789 0.238858
13.206363 4.060824 6.657925 2.593631 1.761830 1.100451 0.022975 0.947854 1.652928 1.598571 1.584019 1.704593 0.777822 0.807284 0.755408 0.785353 0.606444 1.045252 0.708275 0.244421 0.109468 0.232253 -0.078415 -0.060409 0.076617 0.195720
12.709149 4.076653 6.732435 2.089264 0.250667 0.327953 -0.571303 0.301347 0.446115 2.094838 1.979260 1.589816 0.952589 1.277266 1.124551 0.939598 0.551153 0.981866 0.407669 0.016956 0.093578 0.094806 0.001813 -0.088133 0.266203 0.321535
12.259333 2.612342 5.713659 2.432566 1.593564 0.367596 0.506739 0.307753 0.926973 0.763549 0.341557 0.488002 0.623184 0.877257 1.516892 0.546278 0.062759 0.398007 0.015316 0.179562 0.015411 0.542811 -0.230148 0.428406 0.700072 0.447702
12.265246 4.228744 6.349695 1.593719 1.252611 1.125481 0.076239 0.954045 0.807588 0.571966 1.006353 1.278649 1.453292 1.040906 0.206261 0.907257 0.116751 0.786893 0.334908 0.268466 0.057102 0.240259 0.461948 -0.095539 0.685579 0.675095
12.799392 2.780389 5.483064 2.208537 1.879142 1.030031 0.592886 0.715271 0.600285 0.974500 1.046082 0.362689 1.063509 1.432364 0.852987 0.567695 0.701204 1.263325 0.865488 -0.288951 0.399678 0.274100 -0.221333 -0.491275 -0.457799 0.142006
11.349501 1.695065 4.934513 2.148585 1.603514 0.015930 -0.500724 -0.615427 -0.491783 0.298743 0.909134 1.295658 1.175208 1.247821 1.405104 0.846770 0.562722 1.137891 0.000056 -0.255079 0.046056 0.623871 0.539114 0.507137 0.084988 0.271151
12.261688 1.888873 6.488050 2.480593 1.270439 0.278109 -0.807464 -0.002997 -0.163419 1.130420 1.195256 0.783413 1.432236 0.894986 1.340348 0.585968 1.094456 0.535426 -0.058891 0.387556 0.248868 0.212285 -0.127418 0.321606 -0.028843 -0.427620
13.201795 4.122690 7.505481 2.840638 1.287838 1.478595 0.008157 -0.165347 -0.768320 1.108599 1.535149 1.887585 1.493477 0.911145 1.678245 0.949684 0.328256 0.743072 0.024633 0.082425 -0.167871 0.160572 -0.360401 0.246059 -0.025255 -0.235456
12.663568 3.139408 6.781596 3.087512 2.597394 2.286978 1.365677 0.296345 -0.422188 0.137466 0.097392 0.542959 1.580533 0.745664 0.818910 0.686245 1.095635 0.847308 0.138864 0.364880 1.041710 0.293426 -0.470744 0.012369 -0.168041 -0.146523
12.133208 2.401704 5.963336 2.032629 1.295681 0.960069 0.609993 0.547945 0.964071 1.330643 0.576702 0.814734 1.015099 0.617494 0.059685 -0.116806 0.829009 1.234500 0.316459 0.000163 0.694102 0.504905 -0.037876 0.297991 0.596505 0.135241
11.967010 2.632394 5.615752 1.372007 0.890135 0.176935 -0.044300 0.928541 0.844854 1.812021 0.920722 1.271627 0.970313 0.796401 0.373925 -0.163855 0.825460 1.260733 0.909876 0.323540 0.322376 0.899373 0.354178 0.344509 0.135721 0.472578
11.888464 2.090947 5.638547 2.422798 1.209418 1.593440 0.672503 1.059431 0.470510 1.939743 0.814269 1.229774 0.677955 -0.196772 -0.076174 -0.032648 1.010279 0.562271 0.213041 0.815746 0.164634 1.190837 0.477692 0.019597 -0.521945 -0.155648
11.972117 3.542971 6.462228 2.459433 2.008200 0.734727 -0.385818 0.597923 0.081459 0.686054 1.167251 1.192782 0.743396 1.565795 0.739708 0.205430 0.331196 -0.022737 -0.333432 -0.435602 0.031336 0.398038 -0.090898 -0.295999 -0.315725 0.405643
12.224697 2.274705 5.511643 2.012645 0.904389 0.661529 0.809828 1.558752 0.351927 1.373463 1.408115 1.930156 1.029292 1.440864 1.129338 0.430160 0.734178 0.247363 0.276378 -0.128870 -0.255317 -0.939999 -1.057904 -0.317534 -0.205691 0.108519
11.368484 1.976775 5.327721 2.793556 1.435200 0.853639 -0.364695 0.188820 0.243293 0.668884 0.296609 1.036171 1.597911 1.806282 1.583061 1.146131 0.470247 1.188341 0.384270 0.135089 -0.114261 0.646361 0.206819 0.400312 0.366725 0.396777
10.810448 2.954279 6.575690 1.981545 1.337989 1.145782 -0.438830 0.298514 0.786892 0.949524 0.465616 0.327883 1.296143 0.880290 0.160161 -0.109889 0.562079 0.744911 0.161044 0.674248 0.614296 0.586939 0.795124 0.164840 0.263639 0.417099
13.005981 4.155734 7.613318 2.011383 0.599600 -0.181665 -1.004478 0.093591 -0.140460 0.358396 0.386558 0.255377 0.244658 0.034611 0.150993 0.339486 0.162495 -0.251531 -0.001427 0.450650 0.698474 0.417026 -0.387639 -0.080658 -0.408528 -0.598330
10.657330 1.497421 5.995914 1.324965 -0.515575 -0.677076 -1.309953 0.227897 -0.673715 0.874025 1.325024 1.171167 0.561219 0.508373 0.968796 1.336817 0.449811 0.804465 0.667510 0.695696 1.438183 0.891044 0.129690 0.428175 -0.200252 -0.369348
10.431087 0.180019 4.944952 0.882541 -0.142013 -0.269129 -0.211927 0.615787 -0.155291 0.127419 -0.261062 0.239987 0.236971 0.767264 0.799004 -0.255894 -0.326177 0.763269 0.515903 0.801031 0.714326 0.327621 0.166779 -0.023292 -0.049651 0.380501
11.037991 2.584732 6.169834 2.479394 1.651821 0.106976 -0.306355 0.438931 -0.584360 0.853009 0.669773 0.901631 0.671161 0.775465 0.266551 0.244526 0.426821 1.017826 0.793326 0.951347 1.019242 0.726519 0.408855 -0.260968 0.226766 0.119479
12.027984 2.820450 6.138090 1.905381 1.013751 0.370941 -0.347909 -0.563971 -0.856516 1.179989 1.168966 1.125236 0.790164 1.202723 0.348327 0.486150 0.769814 0.950161 0.603405 1.366985 0.896397 0.571360 -0.426783 -0.376032 -0.155231 0.057513
11.582900 2.436063 5.663332 2.315368 1.588790 0.386233 0.597923 1.118558 0.312885 1.059693 0.776784 0.651137 0.456431 1.187956 1.393171 0.959072 0.748646 0.272746 0.831871 1.296650 0.543182 1.144898 0.266526 0.369332 0.197744 -0.164922
13.063408 3.220295 6.502881 2.526602 2.493616 0.841012 -0.567430 0.031077 0.220799 1.790686 1.745940 1.782945 1.533497 1.314709 0.842800 0.795869 0.529069 0.152443 1.272922 1.329675 0.363739 0.929044 0.466078 0.253778 0.433261 0.092860
12.311045 1.970347 6.069174 2.648655 2.437442 1.530140 0.935032 1.002548 0.302958 1.379742 1.959875 1.290713 1.503108 1.871051 1.498415 1.075110 1.327209 1.286278 1.245233 1.266288 0.312509 0.539999 0.484102 0.895165 0.789343 0.255573
12.994001 3.501657 6.468995 2.732910 1.377137 1.148055 1.865329 1.162698 0.210067 1.352682 1.350833 0.330987 0.813507 1.057945 0.859142 0.584920 0.551751 0.703142 0.271496 0.697671 0.177113 0.122822 0.036691 0.387846 0.794689 0.126984
12.713180 2.668944 6.253300 2.291451 2.269101 0.294361 0.918172 2.276377 0.390190 2.322806 1.354968 1.059998 1.533644 1.008095 0.597416 0.722422 0.570084 0.669138 0.354921 0.237211 0.556225 0.298491 0.376278 0.755344 0.360829 -0.204672
11.086147 2.505375 6.178902 1.987923 1.871774 1.303627 0.166120 1.546651 1.825066 2.333011 1.815206 2.053114 0.992728 1.176487 0.680392 0.603711 0.769323 0.483533 1.169664 0.902269 0.395292 0.074714 0.885528 0.205493 0.180330 0.245405
12.167962 3.549532 6.845847 2.368096 1.182507 0.939293 -0.599241 -0.045541 0.600045 0.920164 0.870049 0.987781 0.427026 0.646448 1.279629 0.892193 0.777162 0.854521 1.111098 0.657537 0.573100 0.643466 0.340312 0.763564 0.109166 0.352195
11.215583 2.394973 6.189853 2.202099 2.002062 0.578733 0.005203 0.354840 0.838667 1.218346 0.799495 1.539870 -0.267631 0.613859 1.073197 0.358344 0.046934 0.181486 0.609421 0.697918 0.534328 1.061371 0.892291 0.306759 0.146832 0.612547
12.279091 3.219173 6.940386 1.943872 0.478609 0.014370 0.229082 -0.261074 -0.259082 0.134069 0.994978 1.675948 0.990609 0.966216 0.890220 0.387367 0.657832 0.357766 0.517412 0.037241 0.286585 0.572114 -0.159363 -0.455677 0.179208 0.219520
10.973844 2.431735 6.100850 0.831822 0.999173 -0.171082 0.120443 1.456405 0.487628 -0.033666 -0.259986 0.399879 0.297380 1.480823 0.858726 0.811630 0.783203 0.455178 0.501413 0.527160 1.003873 0.474576 -0.136803 -0.057696 -0.386013 0.101669
11.528467 2.719962 5.705068 1.385750 1.492840 1.187478 0.091205 0.564229 0.801739 0.110809 -0.213793 0.783411 0.816426 0.312759 0.144854 0.730199 0.372004 0.618493 1.169120 0.542617 0.717166 0.977238 0.101781 -0.017419 -0.048634 0.259833
11.927988 2.743914 6.487187 2.092409 0.359094 0.928098 -0.490561 0.910337 0.703252 0.366267 0.504218 1.236532 0.696547 0.614276 0.870352 0.782054 0.409071 0.275199 0.331054 0.251695 -0.503436 -0.006927 -0.286618 -0.813787 0.017407 0.035878
10.955625 1.864300 5.462047 1.670899 0.606793 -0.351329 -0.793337 -0.419820 -0.537126 0.177717 0.037154 0.022253 -0.105230 0.624020 0.107537 -0.115926 -0.002855 -0.006747 0.135344 0.158795 -0.087855 0.279259 -0.048338 -0.355247 -0.023013 -0.029259
10.707482 1.447477 5.606502 1.987008 0.436677 -0.325228 -1.041606 -0.755642 -1.162075 -0.619959 -0.388007 0.952076 0.726389 0.012229 -0.049651 -0.438202 -0.480697 -0.367377 0.045406 0.247732 0.214119 0.873832 0.016838 -0.549680 -0.364027 -0.203631
10.532226 1.710631 5.119495 1.631883 0.233488 -0.433008 -0.465696 0.887396 -0.321281 1.365955 0.949272 0.818235 1.787254 0.985729 0.527367 -0.200090 -0.335796 0.141914 0.415159 -0.401180 0.026831 -0.256527 -0.444822 -0.289162 -0.816019 -0.566053
11.316902 1.863616 5.444965 1.712413 0.539102 1.141080 -0.757711 0.432212 0.359048 0.959107 0.301323 0.734969 1.455837 0.351345 0.594151 0.717462 0.814470 0.646939 0.365677 -0.244390 -0.513904 -0.795358 -0.277598 0.379738 0.033288 -0.418111
11.415891 2.386134 5.647469 2.117933 0.877534 0.247726 0.202619 -0.219528 -0.991449 -0.013773 1.268992 1.294087 0.643314 1.157790 1.123566 0.478290 0.123270 1.018079 0.409974 -0.300661 -0.507496 0.137830 0.426943 -0.107459 0.586133 0.513498
11.000702 2.303896 5.466424 1.294808 0.120832 0.336973 0.051909 0.568519 0.770481 -0.055321 0.279707 0.246507 -0.381283 0.657755 0.606597 -0.498226 -0.489437 0.661976 0.845489 -0.045942 0.332829 0.462134 0.062307 -0.468172 0.316942 0.046708
10.513505 1.048650 5.139939 2.750865 0.835534 0.654214 -0.115140 -0.361050 -0.697254 -0.063544 -0.118668 1.560694 1.980927 1.147411 1.590259 0.557003 1.086526 0.345480 -0.057764 -0.476993 0.462673 0.329087 -0.010342 0.070734 0.758497 -0.016939
10.452532 2.211864 6.009784 3.231367 1.164816 0.721629 -0.770784 1.247921 1.500163 1.491441 1.144520 1.732356 1.770153 1.088989 1.216453 0.735354 0.667032 0.610913 -0.552807 0.188546 -0.102282 0.341962 0.218660 0.322999 -0.259106 0.414610
10.347059 1.955037 7.091718 3.545642 2.647069 1.941234 0.450319 2.178500 1.829226 1.394594 0.268817 0.572883 1.737692 0.747303 0.721924 0.627071 -0.340596 0.301573 0.617642 0.063112 0.083177 0.743265 0.770888 0.688990 -0.067780 -0.206741
12.033525 3.262597 5.834719 2.406012 1.479841 1.571263 1.223697 2.126208 1.290331 1.010419 1.231238 1.063753 0.535456 0.002451 0.614400 1.010915 0.322162 0.214374 1.143208 0.679012 0.206425 0.605044 0.188067 0.034484 0.416618 -0.132111
12.286731 3.135734 6.238684 1.805603 -0.100910 0.331215 -0.666627 -0.044715 0.218179 0.710306 0.773834 1.313040 1.796731 1.424266 0.939533 0.856970 0.470394 0.399846 0.877481 1.155492 0.498129 0.136059 0.350367 0.364095 0.155850 -0.132647
13.202898 3.513322 6.734129 2.161166 0.478860 0.838954 -0.462260 0.347170 -0.394841 0.422532 0.060724 1.078155 1.494060 1.349861 1.135527 0.194984 0.116590 0.269269 0.047557 0.429051 0.567988 -0.396928 -0.017736 0.638363 0.737495 0.514867
11.824878 2.368910 6.829587 2.865522 1.231292 1.162196 0.000368 0.423636 0.392350 0.971694 0.720480 1.382390 0.752429 1.007645 0.709218 0.626703 0.215563 0.628569 -0.328927 0.335388 0.333590 -0.611002 -0.496035 0.435075 0.108962 -0.106663
11.776195 1.786065 6.245755 1.848677 1.011024 1.179934 0.333489 0.757675 -0.643285 0.630399 1.092225 1.413552 0.691664 1.136137 0.673819 -0.186860 -0.722993 0.276520 0.062675 0.433732 0.525902 0.560720 0.340782 1.004794 0.445673 -0.284505
11.523289 1.265670 5.618851 1.508332 0.552172 -0.043128 0.243340 0.233209 -0.625405 0.375640 0.444185 0.722103 0.708168 0.639628 0.622866 0.216343 0.265238 0.424147 -0.178160 0.211787 -0.036868 0.121717 0.276505 0.857632 -0.057134 0.065155
11.343463 1.614612 6.999249 2.543184 0.356937 -0.070738 -0.842349 -0.418202 -0.343144 0.833584 0.374063 0.614668 1.133814 0.797847 0.467305 0.036219 0.037986 -0.343000 -0.136804 -0.309068 -0.125821 -0.042025 0.306475 -0.034745 -0.279798 0.293710
11.221911 1.504270 6.214370 1.310857 0.199649 0.079108 0.190197 0.215636 -0.059452 0.625974 0.846673 1.264837 1.113811 -0.174888 -0.089745 0.092365 -0.473388 -0.692364 0.179502 0.152218 0.507295 -0.145417 0.324945 0.588235 0.627700 0.455703
10.821138 1.004006 4.902659 2.031565 0.471640 0.418962 0.011719 1.602367 0.153998 1.278728 0.518949 1.037790 0.964895 1.176967 0.109306 0.397053 0.550383 0.870351 0.039755 0.439376 0.239740 -0.099166 -0.349383 -0.639117 -0.266364 -0.243765
11.585568 2.762498 6.514446 2.796222 1.245019 0.293337 -0.364147 0.413508 0.323773 -0.334488 -0.167244 0.679955 -0.083452 0.603981 0.515929 0.099990 0.155625 0.164407 -0.392822 0.019116 0.028939 0.312718 0.097540 -0.125685 -0.285336 0.130388
12.635003 3.144809 7.463538 2.697946 1.633366 0.700769 0.219676 1.398425 1.128204 0.978438 0.832402 1.061799 0.691178 0.375491 -0.185283 0.672291 1.191066 0.500701 0.441955 -0.130944 0.006548 -0.044933 0.027341 0.008798 -0.501421 -0.229746
12.638936 3.292051 7.600965 2.376551 1.241743 0.980916 0.284549 1.313773 1.486930 1.477230 0.851117 1.222514 0.300302 0.599744 0.402644 -0.171711 0.214660 0.570610 0.272149 -0.098047 0.003116 0.142282 0.301342 0.282607 -0.136460 -0.146542
12.076757 2.616648 5.923396 1.769950 0.880316 1.094128 0.891231 0.589143 0.214646 1.508244 -0.040636 0.681121 0.239721 1.154178 1.375288 0.568202 0.714334 0.764797 0.310351 0.416733 -0.307654 -0.177629 0.181204 0.049496 0.023907 0.490665
12.427077 2.642895 5.749144 2.638213 1.020902 0.354393 0.440247 0.620990 0.360653 1.237553 0.329846 0.620455 0.416630 1.362683 0.514484 0.401060 0.251840 1.330847 0.013503 0.076559 0.294913 0.522796 0.125401 0.524834 0.942367 0.970002
11.375873 1.578288 6.016126 2.163239 0.274588 0.092917 -0.777857 -0.074514 1.477322 1.070278 0.211473 1.007083 1.432508 1.301251 0.814729 0.017324 -0.093083 0.924412 0.201540 0.329447 -0.151518 -0.099101 -0.409348 -0.483532 -0.173593 0.045356
11.645668 2.392729 7.057780 2.804900 0.611098 0.290063 0.255909 0.638328 0.589182 1.208103 0.735474 0.895758 1.429670 1.087601 0.991923 0.701775 0.148754 0.258257 -0.227647 0.107109 -0.022775 -0.706616 -0.937458 -0.024532 0.046560 -0.106144
12.678154 3.306093 6.849507 2.791675 1.183277 0.323262 -0.877481 -0.655934 0.021671 1.026867 0.740688 0.822272 1.258080 1.303935 0.679668 0.919333 0.150365 0.067866 -0.108973 0.120368 -0.332172 0.014673 -0.541582 0.550705 0.589600 0.045155
12.488083 2.812447 5.744112 2.249122 0.477202 -0.130551 -0.698127 -0.784171 0.011572 0.598594 1.778412 2.127007 1.029340 1.396516 1.000081 0.652028 1.484566 0.944199 0.520133 0.282779 0.282323 -0.021445 -0.626681 -0.066899 0.259587 0.013750
12.540472 3.090328 6.185107 1.457804 0.046892 0.253966 0.157896 0.499309 -0.101666 1.284450 1.676955 1.168151 1.576046 1.335853 1.103414 0.385308 0.671317 1.136798 0.281784 -0.147318 0.419688 0.302008 0.107591 0.466538 -0.058397 -0.019970
12.848086 2.270219 5.661838 1.945686 0.272587 0.296736 -0.607681 0.813389 0.688597 0.836626 0.470543 0.685406 0.804253 0.322673 1.155242 0.771929 0.292253 0.132389 0.119653 0.039922 -0.244672 0.090153 0.184979 0.882087 0.063829 -0.386263
11.560557 1.234827 5.717256 2.144258 1.105461 1.380880 -0.380166 -0.892406 -0.109283 0.415603 0.580569 1.502658 0.232127 0.322548 0.500735 0.599351 0.630545 0.320575 0.223384 -0.032066 -0.187612 -0.198827 0.120853 0.064138 -0.216022 -0.226922
11.654453 2.294829 5.239906 1.712620 0.860736 0.704724 0.782271 0.867292 0.911762 1.168261 0.098562 1.369350 0.962525 0.039522 0.532642 -0.095546 -0.317762 0.058486 -0.245210 0.122861 0.592666 0.231319 -0.064049 -0.065129 -0.174526 0.018018
12.300730 3.426117 5.853815 2.322281 0.957936 0.899297 1.047272 0.485167 -0.460615 -0.057556 0.373805 0.588892 1.706357 1.346280 1.514597 0.566005 0.010866 0.330178 0.296603 0.022842 0.499728 0.158299 0.122628 -0.044125 0.173757 0.026458
11.922020 1.900070 5.303070 1.889095 0.862372 -0.122875 -1.239724 0.702438 -0.495881 0.312546 0.080772 -0.155821 0.460468 -0.071334 0.889705 0.606916 1.444194 1.165933 1.022193 0.922196 0.655755 0.387795 0.098642 -0.148607 0.473495 0.255758
11.445078 2.863646 5.915151 1.626843 1.083660 -0.257820 0.264178 1.698295 -0.112131 0.866572 0.899000 0.790602 0.156911 0.455423 1.608679 0.879038 -0.171176 -0.126938 -0.022362 -0.529263 0.204195 -0.057133 0.020595 0.497620 0.189144 0.109901
11.283635 2.341034 6.489471 3.162606 1.349258 0.356697 -0.426413 1.397224 1.044353 1.186326 1.177692 1.293004 0.326404 0.874379 0.602388 0.333645 -0.414479 -0.059845 -0.137965 -0.617501 -0.751302 0.313091 0.780626 0.188745 -0.109524 -0.694348
11.324651 1.725931 6.898485 2.610932 -0.140943 0.586439 -0.179489 -0.439022 -0.729295 0.644727 0.358456 0.908151 0.183687 0.128688 -0.080856 -0.470426 -0.757123 -0.532706 -0.091189 0.097775 0.285098 -0.038928 -0.029705 -0.050803 0.025119 -0.377560
12.567887 3.125902 7.698149 2.069044 0.849352 -0.215079 -0.632539 0.371391 0.159038 1.058368 0.954353 1.751497 0.806133 0.415029 0.151390 0.463358 0.232739 -0.411715 0.022081 0.571907 0.807226 -0.057699 -0.041843 0.148488 -0.017269 0.027799
12.614456 2.743721 6.579810 1.871322 1.375084 1.600791 1.310343 1.953289 1.288084 1.222470 1.523397 1.597985 1.464538 0.554121 0.011350 0.691599 0.581142 0.212943 0.358335 0.067239 0.481814 0.434679 -0.070193 0.055377 0.064044 -0.322834
10.995656 2.768981 6.303981 2.039316 2.617927 2.618384 1.157159 1.115310 1.246509 0.997087 2.075206 1.209863 0.285468 1.197389 0.601924 1.110044 1.507093 0.833971 0.251827 0.537007 0.589518 0.330242 0.517802 0.199272 0.098226 0.054999
12.252745 2.966795 6.370897 2.603891 2.505021 1.029973 0.053051 1.220887 0.204069 0.668062 0.794387 0.522118 1.114914 1.526200 0.525193 0.944882 0.913421 1.225016 0.837868 0.825261 -0.014840 0.152819 0.016882 -0.118712 -0.024815 0.179275
11.079432 3.439622 6.205421 2.689682 1.598672 1.630163 0.520669 0.251869 0.328191 0.518938 0.959694 1.041030 1.454608 1.540570 1.172974 2.060548 1.463959 0.910841 0.623486 0.921772 -0.138249 -0.126845 0.231728 0.422131 0.094154 -0.399668
12.274920 2.307663 6.207543 1.688061 1.058849 1.773599 0.490203 1.003466 1.488718 0.987038 0.557766 1.390671 1.061306 0.382763 0.772484 1.111542 0.625585 1.574784 0.864546 0.622524 0.131300 0.289812 0.333524 0.145402 -0.467613 0.399285
12.174692 2.195245 6.654193 1.557752 0.962737 1.585245 0.257912 0.329550 -0.330220 0.738646 0.989344 1.131803 1.643845 1.799702 1.114917 0.638587 1.225433 0.738048 0.194618 -0.050700 0.497811 0.143952 0.127472 -0.080317 -0.230325 0.374870
11.774823 2.730342 6.433010 1.418197 0.332084 -0.212392 0.521716 0.098809 0.927695 0.961433 1.248140 1.036879 0.687084 0.872719 0.822630 0.732034 1.120647 1.020596 0.531755 0.534656 0.314847 0.582396 0.554356 0.238570 -0.001604 -0.830117
12.288298 3.747175 7.161360 2.114644 0.502878 -0.060842 -0.548124 -0.594858 0.608111 0.663686 0.661051 1.188350 0.738883 0.734575 1.041995 0.294314 0.091713 0.306507 -0.004853 0.133189 -0.186965 -0.305424 0.060878 0.471262 0.267520 -0.209734
12.668221 2.648043 6.118400 3.297175 0.708816 0.468817 -0.770906 -0.370778 0.799016 1.036392 0.597937 1.193274 1.458200 0.800778 1.451154 0.520401 0.542795 -0.635774 -0.297691 0.278504 -0.172678 -0.307921 0.228260 0.051431 0.535112 0.349176
